23 23 23 23 23 23 23 16 23 23 23 5 5 5 20 20 20 10 10 10 6 12 12 6 6 17 6 6 17 6 4 4 4 4 4 4 4 4 4 4 4 4 4 4 4 4 4 4 4 4 4 8 8 8 8 8 8 8 8 8 8 8 17 17 6 6 6 6 6 6 6 6 6 6 6 6 6 10 5 5 5 5 5 5 5 23 23 23 23 23 23 23 
23 23 23 23 23 23 23 23 23 23 23 23 23 23 23 23 20 23 23 20 23 16 7 19 23 5 19 16 7 7 23 23 16 23 23 23 23 16 20 23 23 20 20 20 20 20 20 20 23 16 5 5 5 6 6 6 6 6 6 6 6 24 24 24 14 14 14 14 19 19 19 19 19 19 19 19 19 19 24 24 24 24 24 25 25 25 25 24 6 6 6 6 6 6 6 19 19 19 10 20 20 10 20 10 10 10 10 10 10 10 5 5 5 5 23 23 23 23 5 23 5 23 23 5 20 23 5 5 
23 23 23 23 23 23 23 23 23 23 23 23 23 23 23 23 23 23 23 23 23 16 16 23 23 23 23 23 23 23 5 23 5 6 6 6 8 8 6 5 19 19 9 9 9 19 1 1 1 1 1 1 1 1 1 1 1 1 1 1 1 1 1 1 1 1 6 6 5 5 5 5 6 5 5 5 5 23 23 23 23 23 23 23 23 23 23 23 23 23 23 23 23 23 23 23 
23 23 20 23 23 23 23 23 5 5 20 23 5 20 20 20 20 20 20 20 20 7 7 23 16 23 23 23 23 20 5 5 6 6 5 6 6 6 19 6 6 24 15 9 9 9 9 9 9 9 9 9 9 9 9 9 9 9 9 9 9 9 9 9 9 9 9 9 9 25 25 25 25 25 25 25 25 5 15 25 6 6 6 5 5 19 19 19 19 5 5 5 5 5 5 10 20 20 10 10 20 10 20 5 5 5 5 5 5 5 5 
23 23 23 23 23 23 23 23 5 10 6 6 20 20 20 20 23 5 5 23 5 16 7 7 2 2 19 20 5 23 5 5 20 20 20 20 20 20 23 23 23 5 5 6 6 6 6 6 19 19 19 19 19 1 1 1 10 10 17 17 17 17 17 17 17 4 8 8 19 19 8 8 8 8 8 8 8 8 6 6 6 6 6 6 6 1 1 6 6 10 10 20 20 20 20 20 10 20 10 10 10 20 10 10 10 20 10 10 10 10 5 23 23 5 5 5 10 
5 5 20 5 20 20 20 20 5 5 23 23 23 20 23 23 23 20 23 23 7 2 16 20 23 23 23 23 23 16 16 20 20 23 23 20 5 16 16 5 5 6 6 12 12 12 6 6 6 1 8 1 1 1 1 1 1 1 1 1 1 1 1 1 1 8 8 8 1 1 14 1 8 8 17 6 6 6 6 6 6 6 6 6 5 5 5 5 5 5 5 5 5 5 5 5 5 5 5 5 5 5 5 5 5 20 20 20 
23 23 23 23 23 16 16 23 23 23 23 23 23 23 23 23 23 5 5 5 5 5 6 12 12 6 4 4 4 4 19 10 19 19 19 19 19 19 19 19 19 19 19 19 19 24 3 8 8 6 6 6 6 6 6 6 6 8 8 8 20 23 10 10 20 5 5 5 5 5 5 5 5 5 5 5 5 5 23 23 23 5 5 20 
23 23 23 23 23 23 23 23 23 23 23 23 23 23 23 23 23 23 23 5 6 6 6 6 10 10 10 10 10 10 10 10 10 10 10 10 10 10 10 10 10 10 10 10 8 8 8 8 8 8 8 8 6 6 6 6 6 6 6 6 6 6 5 20 20 20 23 23 20 23 23 23 23 23 23 23 23 23 23 23 
23 23 23 23 16 23 23 23 23 23 23 23 23 23 23 5 20 5 5 6 6 6 6 6 6 19 19 19 19 19 19 1 10 5 10 10 10 19 19 19 19 19 19 19 19 19 25 19 19 6 6 6 6 6 6 6 6 6 6 5 5 5 5 5 5 5 19 10 10 10 5 20 10 10 10 10 20 5 10 10 10 5 5 5 20 5 23 5 5 5 5 5 20 5 5 23 23 
23 23 23 23 23 23 20 20 23 16 23 23 23 23 23 23 20 10 10 10 6 6 6 6 6 6 6 6 6 1 9 1 1 9 9 4 9 4 4 4 4 4 4 4 4 4 4 4 1 1 1 1 1 3 3 3 8 8 8 21 8 6 6 6 6 6 6 6 6 6 6 5 10 10 10 10 10 10 10 20 20 20 23 23 23 23 23 23 23 23 23 23 23 23 
20 5 20 23 20 20 23 23 23 23 23 23 23 23 23 23 20 20 20 10 6 12 4 6 6 6 6 6 24 14 14 14 14 14 14 14 14 14 14 14 14 14 14 14 14 14 14 14 14 14 14 24 14 24 14 14 14 19 19 19 19 6 17 6 6 6 6 6 10 20 20 20 20 20 20 20 5 10 20 5 5 5 5 10 10 20 20 20 5 5 20 5 20 5 
23 23 23 23 23 23 23 23 23 23 23 23 23 23 23 23 23 23 5 5 6 6 6 6 12 12 6 6 6 6 6 6 6 6 6 19 19 19 19 19 19 19 19 19 19 19 19 19 19 19 19 19 19 19 19 19 19 19 19 19 19 19 19 19 19 19 19 19 6 6 19 6 6 6 6 6 6 6 6 6 6 3 19 19 20 20 20 20 20 20 20 20 20 20 20 20 20 23 23 23 23 23 23 23 23 23 23 23 20 20 20 20 
23 23 23 23 23 23 23 23 20 20 20 23 23 23 23 23 23 23 5 5 6 6 6 6 6 6 6 3 1 1 1 1 1 1 1 19 19 19 19 19 19 19 19 19 19 19 19 19 10 10 10 10 19 10 10 5 6 6 8 8 8 8 6 6 6 20 20 20 20 20 5 10 20 20 20 20 20 20 20 20 20 20 20 20 20 5 20 
20 23 20 23 20 20 20 20 20 20 20 20 20 20 20 20 20 20 20 20 20 16 16 5 23 23 5 23 23 5 5 6 6 17 8 8 8 8 8 19 1 9 4 14 14 14 14 14 14 14 14 14 14 4 4 4 4 4 4 4 4 4 8 24 24 24 24 1 8 8 6 6 6 6 6 6 6 6 10 10 10 10 10 10 10 20 20 23 23 23 23 5 5 5 5 20 5 5 5 
23 23 23 23 23 23 23 23 16 16 16 23 23 23 23 23 23 5 5 23 23 23 16 16 5 5 5 8 8 6 6 6 6 6 19 24 24 24 24 24 24 24 24 24 24 24 9 9 1 1 9 1 9 9 9 24 1 24 24 24 24 24 24 3 24 6 6 6 6 6 6 6 6 6 6 6 6 5 5 5 5 5 5 5 5 5 10 5 5 5 5 5 5 5 10 10 10 10 10 10 5 5 10 10 
23 23 23 5 5 23 23 23 23 5 23 23 5 5 6 6 6 5 5 5 6 6 6 6 3 24 24 24 24 24 14 14 14 14 4 4 4 4 24 4 4 24 19 19 19 19 19 19 6 6 6 6 6 6 6 6 6 6 10 19 10 10 20 10 10 20 20 20 23 23 23 23 23 23 23 23 23 23 20 20 5 5 10 
23 23 23 23 23 23 23 23 23 23 23 23 23 23 23 23 20 20 23 5 6 6 6 6 6 6 19 24 24 14 14 14 14 14 14 14 14 14 14 14 14 14 14 14 14 14 14 14 14 14 14 14 14 9 9 14 14 14 14 19 19 24 24 24 24 25 25 25 25 3 3 3 6 6 6 6 6 6 6 6 6 6 6 6 6 5 5 5 5 5 23 23 23 23 23 23 23 5 20 23 23 20 5 5 23 23 23 5 5 5 5 23 20 23 23 5 
23 23 23 23 23 20 5 5 23 23 23 5 5 5 6 6 5 5 5 5 5 16 16 16 20 1 1 1 1 1 1 1 9 1 1 1 1 1 1 1 4 1 11 11 11 1 1 1 1 1 1 1 1 1 3 3 3 3 1 6 6 6 6 6 6 6 6 6 6 6 6 5 5 5 20 20 5 5 20 5 20 20 20 20 5 5 20 5 23 5 
20 23 23 23 23 23 23 23 23 23 23 23 16 23 23 23 23 5 23 5 6 6 6 6 6 6 24 9 9 9 9 9 9 9 9 9 9 9 9 9 9 9 9 9 9 9 9 9 9 9 9 3 3 3 3 3 6 6 6 6 6 6 6 6 6 6 6 6 5 19 19 19 19 14 14 5 5 5 23 23 5 23 20 20 20 20 20 20 20 10 10 20 20 10 10 20 5 20 5 23 23 23 5 5 
20 20 20 20 20 5 23 23 23 23 23 23 23 23 23 23 16 16 20 20 23 16 23 10 20 5 6 6 6 6 6 6 6 6 14 14 11 11 11 11 11 11 12 11 4 11 19 4 19 19 4 17 6 6 6 6 6 6 19 19 19 19 5 10 10 10 10 10 10 10 10 10 10 10 10 5 5 5 5 5 5 5 5 5 5 5 5 5 5 5 
23 23 23 23 23 23 23 23 23 23 23 23 23 23 23 23 23 23 23 5 6 6 6 17 17 17 17 6 1 8 1 1 1 1 1 1 1 1 1 1 1 1 1 1 1 1 1 1 1 1 1 1 1 1 1 1 1 3 3 8 3 3 3 3 3 3 3 3 8 8 6 6 6 6 6 6 6 6 6 6 5 6 10 10 10 10 10 10 10 20 20 20 5 20 23 5 5 5 23 5 20 
5 5 5 23 23 5 23 23 5 23 5 5 5 5 23 23 23 23 23 23 20 20 20 20 20 20 20 20 20 23 23 20 5 23 23 20 5 6 6 6 6 6 8 8 8 24 24 1 1 1 1 1 1 1 1 1 1 1 1 1 1 1 1 1 1 1 1 8 8 8 6 6 6 6 6 6 5 5 5 5 5 5 5 5 5 5 5 5 5 5 5 5 5 5 5 5 23 5 5 5 5 
23 23 5 5 23 23 23 23 23 23 23 23 23 23 23 23 23 5 5 6 12 17 17 17 17 17 17 17 17 4 4 4 4 4 4 4 4 4 4 4 4 4 4 4 17 17 17 17 17 17 17 17 8 8 8 8 17 17 6 6 6 6 5 5 5 5 23 23 23 23 5 23 20 23 23 23 20 23 23 20 23 23 23 23 23 23 23 23 23 23 
23 23 23 23 23 23 23 23 23 23 23 23 23 23 23 23 23 23 23 23 23 16 7 16 16 23 23 23 5 5 6 6 6 6 6 6 3 9 9 9 14 9 9 14 14 14 14 14 14 14 14 14 14 14 14 14 14 19 19 19 24 24 24 24 25 25 6 6 6 6 6 6 6 6 6 6 6 6 6 6 6 6 6 6 6 6 6 6 6 5 5 5 5 5 5 5 5 5 5 5 5 5 
20 20 20 20 20 23 23 20 20 23 23 20 20 20 23 23 23 23 23 23 16 7 7 16 23 23 23 23 23 23 23 5 6 17 17 6 1 17 4 4 4 4 4 17 4 4 17 17 17 17 17 17 17 17 17 17 17 17 17 17 17 17 17 17 17 17 17 17 17 17 6 6 6 6 6 6 6 5 5 23 23 20 23 5 5 23 5 5 23 5 20 20 23 23 23 23 23 23 23 23 20 
23 23 23 23 20 20 20 20 23 20 23 23 23 23 20 20 23 23 23 23 16 16 7 23 16 16 7 7 7 16 16 16 16 23 5 5 23 23 23 5 12 12 12 12 12 12 21 1 4 4 4 4 4 4 4 4 4 4 4 4 4 4 4 4 4 4 4 4 4 8 8 8 8 8 8 8 6 12 12 12 12 12 6 6 6 6 6 6 5 5 5 5 23 5 5 5 23 20 23 23 23 23 23 23 23 23 20 20 23 23 23 23 
23 23 23 23 23 23 23 23 23 23 23 23 23 23 23 23 16 23 23 23 5 5 6 12 12 12 12 1 1 9 4 4 4 4 4 4 4 4 4 4 4 4 4 1 1 1 1 1 3 3 21 21 6 6 6 6 6 6 6 6 6 20 20 20 5 23 20 23 20 20 23 5 20 5 5 23 20 20 20 23 23 23 20 
20 23 23 23 23 23 23 23 23 23 5 5 20 20 5 20 5 5 5 5 6 6 6 17 17 17 17 6 1 1 9 9 9 9 9 9 9 9 9 9 9 9 9 9 9 9 9 9 9 9 9 1 9 9 1 8 8 8 8 8 8 8 17 17 17 6 6 6 1 6 10 5 5 5 23 23 20 10 10 10 10 10 5 5 5 5 5 23 5 5 23 23 23 23 5 5 23 
23 23 23 23 23 23 23 23 23 23 23 23 23 23 20 20 5 5 6 6 8 8 8 8 24 24 24 14 14 14 14 14 14 14 14 14 14 14 14 14 14 14 14 14 14 24 24 24 24 24 24 24 24 24 8 8 6 6 6 6 6 6 6 6 6 6 6 6 5 20 5 5 23 23 23 23 23 23 23 23 23 23 23 23 23 23 23 23 23 23 23 23 23 23 23 20 
20 23 23 23 23 5 23 5 5 23 23 23 23 16 23 23 20 5 5 6 6 6 6 1 1 9 1 1 1 1 9 1 1 1 1 1 1 1 1 1 1 1 3 8 6 6 6 6 10 10 10 10 5 6 5 5 5 5 5 5 5 5 5 5 5 5 5 5 5 5 5 5 5 5 5 
