23 23 23 23 23 23 23 23 23 23 5 23 23 23 23 23 23 23 23 23 23 16 7 7 15 19 19 19 10 17 17 17 17 17 17 17 17 17 17 17 17 8 8 8 8 3 3 3 3 3 3 3 3 3 3 3 6 6 6 6 6 6 10 5 20 5 20 5 5 5 5 23 23 23 5 5 23 23 23 23 23 23 20 23 
20 20 20 20 20 20 20 20 20 20 20 20 23 23 23 5 23 23 19 15 15 15 15 7 22 22 15 15 19 19 11 11 11 11 19 24 24 24 25 25 25 25 25 25 25 25 25 25 25 25 25 25 3 23 23 16 23 5 5 20 10 10 5 5 5 5 5 5 5 5 5 23 5 23 23 5 23 23 23 23 23 23 23 23 23 23 23 
23 23 23 23 23 23 23 23 23 23 23 23 23 23 23 23 23 23 23 23 16 7 7 7 19 19 19 17 17 17 17 11 11 11 11 8 8 8 8 8 8 3 3 3 3 3 3 3 3 3 3 3 3 5 16 5 5 23 23 23 23 23 5 5 23 23 23 23 23 23 20 20 23 23 23 23 23 23 23 23 23 
20 23 20 20 20 20 23 20 20 20 20 20 20 20 20 5 20 20 20 20 20 20 16 16 16 23 23 5 20 20 10 19 15 15 15 7 2 22 22 2 15 19 11 11 11 11 11 11 11 11 11 9 24 24 24 24 25 25 25 25 25 25 25 25 25 25 25 25 25 25 25 25 15 25 25 5 5 5 6 6 10 10 10 10 10 10 10 10 10 10 10 10 10 16 7 5 5 5 5 5 5 5 5 5 5 5 5 23 5 5 5 23 5 23 23 5 23 23 23 23 23 23 23 23 23 
23 23 23 23 23 23 23 23 23 23 23 23 23 23 23 23 23 23 23 23 23 16 23 23 23 23 23 7 7 15 19 8 8 19 19 8 8 8 8 8 8 8 8 8 8 8 8 8 3 3 3 3 3 3 3 3 3 21 21 6 6 6 6 5 5 5 5 5 5 5 5 5 5 5 5 5 5 5 5 5 5 5 5 5 5 23 5 5 
20 20 20 20 20 10 10 10 10 20 20 20 20 5 23 23 23 23 23 23 23 23 23 5 5 20 23 16 16 7 7 7 7 15 2 2 7 15 15 19 17 17 17 17 17 17 17 17 8 8 8 8 8 8 3 3 25 25 25 25 25 25 5 3 5 5 7 7 5 5 19 5 23 23 5 5 23 23 23 5 5 5 5 5 5 5 10 10 5 5 5 10 10 5 5 10 10 
23 23 23 23 23 23 23 23 23 23 23 23 23 23 23 23 23 5 16 7 7 7 7 19 17 11 11 11 11 11 11 11 11 11 19 19 19 24 24 6 3 24 5 3 3 5 5 5 6 6 6 6 6 6 6 6 6 6 6 6 6 5 5 5 5 5 5 5 5 5 5 5 
23 23 23 23 23 23 23 23 23 23 23 20 23 23 23 23 23 23 23 23 23 23 23 23 16 16 16 7 19 19 4 11 11 11 11 11 17 17 17 8 8 8 3 3 3 3 3 3 3 3 3 3 3 3 3 3 3 3 3 23 23 23 20 20 23 23 23 23 23 23 23 23 23 23 23 23 23 23 23 23 23 23 23 23 23 23 23 
23 23 23 23 23 23 23 23 23 23 23 23 23 23 23 5 5 5 5 23 23 23 23 23 7 7 7 15 19 19 19 11 11 11 11 11 11 9 24 24 24 24 24 24 25 25 25 25 25 25 25 25 25 25 25 3 3 5 5 5 5 5 5 5 5 5 5 5 6 6 5 5 5 5 5 5 5 5 5 5 6 5 5 5 
16 23 23 23 23 23 20 20 23 23 16 23 5 5 10 10 16 7 15 15 16 19 8 17 17 11 11 11 11 11 11 11 11 8 8 8 8 8 8 8 3 3 3 3 3 3 3 3 3 3 3 3 3 3 3 3 3 5 5 5 20 20 20 5 5 23 5 5 23 23 23 23 23 23 23 23 23 23 23 23 23 23 23 23 
23 23 23 23 23 23 23 10 20 23 23 5 5 5 5 23 23 23 23 23 16 2 7 16 16 16 23 23 23 23 23 23 16 20 5 10 5 5 23 5 23 7 7 15 19 1 4 11 11 11 11 11 11 11 11 11 24 24 24 24 24 24 24 24 24 15 15 25 25 25 25 25 25 25 25 25 6 5 5 23 23 23 20 20 5 5 23 16 23 23 23 23 23 23 23 23 23 23 23 23 23 23 23 23 
23 23 23 23 5 5 5 23 23 23 23 23 23 23 23 23 23 23 23 23 23 7 2 15 19 19 11 11 11 11 11 11 11 11 11 11 11 11 11 11 17 8 8 3 3 25 25 24 25 25 25 25 25 25 25 3 3 16 3 23 23 23 20 20 20 23 23 23 23 23 23 23 23 23 23 23 23 23 23 23 23 23 23 
23 23 23 23 23 23 23 23 20 20 23 23 23 23 23 23 16 16 16 23 16 15 19 21 21 17 17 17 17 17 17 17 17 17 8 8 8 3 3 3 3 3 3 25 3 3 3 3 3 3 3 3 5 5 5 5 5 5 20 5 23 20 20 20 23 20 20 20 23 23 23 23 23 20 
23 20 23 23 23 23 20 20 23 23 23 23 23 23 23 5 23 23 16 16 7 7 7 7 7 7 7 19 17 11 11 11 11 11 11 11 11 1 24 24 24 24 24 24 24 3 3 3 3 3 3 3 3 3 3 3 6 6 5 20 20 20 20 20 20 5 5 5 5 5 5 5 5 5 5 5 5 5 5 5 5 5 5 5 5 
23 23 23 23 23 23 23 23 23 23 23 23 23 23 5 5 10 5 19 19 19 14 15 14 7 7 15 7 15 22 15 15 19 11 17 17 17 17 1 1 1 8 8 24 24 24 24 24 24 24 24 24 3 3 3 3 25 25 25 3 3 3 5 5 5 5 5 5 5 20 20 20 20 20 10 10 10 10 10 10 10 10 10 10 10 10 10 10 10 5 
23 5 20 23 23 23 23 23 23 23 23 23 23 23 23 23 23 23 20 23 16 16 7 7 7 15 15 7 19 15 19 11 11 11 11 4 4 8 8 8 3 3 3 3 3 3 3 3 25 25 25 25 25 25 25 25 3 5 3 23 23 23 5 5 5 5 5 20 20 5 20 20 5 20 20 23 20 20 20 5 20 20 20 23 20 
23 23 23 23 23 23 23 23 23 23 23 23 23 23 23 23 23 16 16 16 16 16 7 7 7 7 7 7 19 17 11 11 11 11 11 11 11 11 11 24 24 24 24 24 24 24 25 25 25 25 25 25 25 25 25 25 25 25 25 25 25 25 25 25 25 25 25 25 25 25 25 25 25 25 25 25 25 25 25 5 5 5 23 23 23 23 23 20 23 23 23 23 23 23 23 23 23 23 23 23 23 23 
5 23 5 20 23 20 23 20 23 20 20 20 23 23 20 23 20 20 20 20 20 20 23 23 16 7 2 7 16 23 23 5 16 7 19 15 14 17 17 17 17 11 11 11 11 17 17 8 8 8 8 8 3 3 3 3 3 3 25 25 25 25 25 25 25 15 25 25 25 3 5 5 5 23 23 5 5 23 7 19 5 5 5 5 5 5 5 5 5 23 16 23 23 5 5 23 23 5 
23 16 20 20 20 23 23 23 23 20 20 23 16 16 23 23 16 23 23 23 16 7 7 7 15 15 7 7 16 16 16 5 17 11 11 11 11 11 8 24 24 24 25 25 25 25 25 25 25 25 25 25 25 25 25 25 25 25 25 25 25 25 19 5 5 5 5 5 5 5 5 5 5 5 5 5 5 5 5 5 5 5 5 5 5 5 5 5 5 5 
23 23 23 23 23 23 16 16 23 23 23 23 23 23 23 23 23 23 23 16 16 7 7 7 19 15 16 16 20 20 20 20 20 20 20 23 5 23 23 5 5 5 16 7 7 7 7 7 7 7 7 7 15 15 19 6 11 17 17 17 17 17 11 11 11 4 8 8 24 24 24 24 24 24 24 25 3 6 5 19 15 16 16 16 16 7 16 16 16 16 16 16 16 5 23 5 23 23 23 23 23 23 23 23 5 23 23 
5 23 23 23 23 23 23 23 5 5 5 23 5 5 5 5 23 23 16 16 16 7 7 7 2 7 7 7 15 19 11 17 11 11 11 11 11 11 11 11 19 8 19 3 3 3 3 25 25 25 3 3 3 3 3 3 3 3 3 3 3 3 3 3 3 3 3 3 3 3 23 23 23 5 5 23 5 5 23 20 5 5 5 5 20 5 5 5 5 5 5 5 5 5 20 5 10 
23 23 23 23 23 23 23 23 23 23 23 23 20 23 23 23 23 23 23 23 16 2 16 23 20 23 23 23 23 23 23 20 20 20 20 16 7 7 7 7 7 7 7 7 15 11 17 17 17 11 17 17 17 17 8 8 8 8 3 3 3 3 3 3 3 3 3 3 5 5 20 20 10 20 10 10 20 20 20 20 20 5 5 5 23 23 20 23 23 5 5 5 5 5 23 23 23 23 23 23 23 
23 23 23 23 23 23 23 23 23 23 23 23 23 23 23 23 23 20 23 16 16 16 16 16 7 7 7 7 16 16 16 6 17 17 17 17 17 17 17 17 17 8 8 8 8 8 8 8 8 8 8 8 3 3 3 3 3 5 5 5 5 5 5 6 6 6 6 6 10 6 10 6 6 6 6 10 6 10 10 10 6 10 10 10 
23 20 23 23 20 20 20 20 20 20 23 23 20 20 20 20 20 20 20 20 16 16 20 23 23 23 16 16 7 7 23 23 23 16 23 23 23 23 23 23 23 23 16 7 7 7 7 19 1 1 11 11 11 11 11 11 11 11 11 11 11 1 1 1 3 3 25 25 25 25 25 25 25 25 25 25 25 3 3 3 6 6 10 5 5 5 5 5 5 5 5 5 5 5 5 5 23 23 23 23 23 23 23 5 23 23 23 23 
23 23 23 23 23 23 23 23 23 23 23 23 23 23 23 23 23 23 23 16 16 16 16 7 15 6 19 8 4 17 17 17 17 17 17 17 8 8 8 8 8 8 8 8 8 8 3 3 3 3 3 3 3 3 3 3 5 5 5 5 20 20 20 5 20 20 20 20 20 20 23 20 23 23 23 23 23 23 23 23 23 23 23 
23 23 23 23 23 23 23 23 23 23 23 23 23 23 23 23 16 16 16 7 7 7 7 7 15 24 24 19 11 11 11 11 11 11 11 11 11 11 17 8 8 8 8 8 3 3 3 3 3 3 3 3 3 3 3 6 6 5 5 20 20 20 23 23 23 23 23 23 23 23 23 23 23 23 23 23 23 23 23 23 23 23 23 23 
23 23 23 23 23 23 23 23 23 23 23 23 23 23 23 23 23 23 23 23 16 16 23 23 23 23 23 23 23 23 16 7 23 23 16 7 15 14 4 11 11 11 11 11 11 11 11 17 17 8 8 8 8 8 8 3 8 3 3 3 3 3 3 3 3 3 5 23 20 20 20 20 20 20 23 23 23 23 23 23 23 23 23 23 23 23 23 23 23 23 
23 23 23 23 23 23 23 23 5 5 5 20 23 5 23 23 5 23 23 16 7 7 16 23 5 5 23 23 5 5 23 23 19 16 16 7 7 16 16 7 7 7 7 2 2 15 15 15 19 1 11 11 11 11 11 11 11 11 11 9 1 9 24 24 3 3 3 3 3 3 3 3 3 3 3 3 3 3 3 3 3 3 5 5 5 23 20 20 20 20 10 10 10 10 10 10 10 5 5 5 5 5 5 5 5 5 5 5 5 5 
23 23 23 23 23 23 23 23 23 23 23 23 23 23 23 23 20 20 23 7 7 7 7 7 7 2 2 22 2 2 2 2 2 2 2 2 2 15 15 4 4 4 4 11 4 4 4 4 4 4 4 8 8 8 24 24 24 24 24 24 24 24 24 24 24 24 3 3 3 3 3 3 3 3 3 3 3 3 3 23 23 23 23 23 23 23 23 5 23 5 5 5 5 23 20 5 5 23 5 23 5 5 23 23 23 23 
23 23 23 23 23 23 23 23 5 23 23 23 23 5 23 23 23 20 20 20 23 16 16 16 23 23 23 20 16 2 7 16 20 4 20 10 17 17 17 17 17 8 8 8 8 8 3 3 3 3 3 3 3 3 21 5 5 5 5 5 23 23 5 23 23 5 5 23 5 5 5 5 5 5 5 5 5 5 5 5 5 5 5 
