23 23 23 23 23 23 23 23 23 23 23 23 23 23 23 20 20 23 5 5 23 20 20 23 23 23 23 23 23 23 23 23 7 7 2 7 16 20 20 20 20 20 10 10 10 10 10 20 5 23 23 23 23 23 23 16 16 16 7 7 4 4 4 4 4 4 4 4 4 4 4 4 4 4 4 4 4 4 4 4 4 4 4 1 1 8 1 1 1 8 8 8 8 8 8 8 6 6 5 23 16 23 20 20 10 10 10 6 6 6 6 10 5 5 5 5 23 23 23 23 23 5 20 23 5 5 
23 23 23 23 23 23 23 23 23 23 23 23 20 20 20 20 20 20 20 20 20 23 23 20 20 20 20 20 20 20 20 20 20 20 20 20 23 23 7 16 20 16 7 7 7 7 7 7 7 7 15 15 14 14 14 14 14 14 19 19 19 19 19 19 19 19 19 19 19 19 19 19 19 19 16 15 19 19 19 19 19 19 19 19 19 15 15 7 7 16 16 20 20 20 10 10 10 20 5 5 5 20 20 5 5 23 23 23 23 23 23 23 23 23 23 20 23 23 23 23 
23 23 23 23 23 23 23 23 23 23 23 23 23 23 23 23 23 23 23 16 16 7 7 7 7 7 7 7 19 17 1 4 1 1 1 1 1 1 1 1 1 1 10 1 1 1 10 10 10 1 1 1 1 1 10 10 10 5 10 10 6 6 6 10 19 16 16 16 16 16 16 16 23 20 20 20 20 20 20 20 20 20 20 20 20 5 5 5 5 
23 20 23 20 20 20 20 20 20 20 20 20 20 20 20 20 20 20 20 20 20 7 7 7 16 7 7 7 7 16 16 23 23 23 5 5 20 5 19 19 15 7 7 7 7 7 2 2 2 2 15 14 9 9 9 9 9 9 9 9 9 9 9 9 9 9 9 9 9 9 9 9 9 9 9 9 9 9 9 9 9 9 1 19 19 19 19 15 7 7 7 7 7 7 7 7 7 7 7 7 16 5 5 5 10 10 10 10 10 10 10 10 10 10 10 10 10 10 10 5 5 5 10 5 5 10 10 5 5 5 5 5 10 
20 10 23 23 16 23 16 23 23 23 23 23 23 23 5 23 16 16 16 16 7 7 7 16 16 17 1 1 10 10 10 10 10 10 10 10 10 17 17 17 17 17 17 1 1 1 1 1 1 1 1 1 1 17 17 17 6 19 19 16 16 16 16 19 23 20 20 20 20 20 20 10 20 20 20 20 20 20 10 10 10 20 20 10 20 5 20 
23 23 23 23 23 23 23 23 23 23 23 23 23 23 23 23 23 23 23 23 23 7 16 23 20 5 23 16 23 16 16 16 16 7 7 7 7 7 7 7 7 15 19 17 17 17 17 1 1 1 1 1 1 1 1 1 1 1 1 1 1 1 1 1 1 1 1 1 1 17 17 6 6 5 20 23 20 23 23 5 5 20 10 20 5 5 5 5 5 5 5 5 5 5 5 23 23 5 5 23 5 
23 23 23 23 23 20 23 23 23 23 23 23 16 7 2 7 15 19 19 19 19 19 19 19 19 19 19 10 10 10 4 4 10 4 10 10 10 10 6 17 17 6 5 16 16 16 16 16 23 20 20 20 20 20 20 20 20 23 23 23 23 23 23 20 23 23 23 23 23 23 
16 16 23 23 23 23 23 23 23 23 23 16 16 16 16 16 16 7 16 16 16 10 17 4 1 10 1 10 10 10 1 10 10 10 4 4 10 10 10 10 10 17 17 4 17 4 8 8 8 8 8 8 17 10 5 16 16 16 7 7 7 7 16 16 16 23 23 20 23 23 23 23 23 23 23 23 23 23 23 23 23 23 23 
20 23 23 23 20 5 23 20 20 23 23 20 23 20 20 20 20 20 20 20 16 15 19 20 19 20 20 20 23 23 23 23 23 23 23 23 23 20 20 23 16 23 16 16 7 7 14 18 5 5 5 5 5 5 23 5 5 10 10 19 19 19 19 19 16 16 16 16 5 19 5 6 6 5 16 16 7 7 7 7 7 7 16 23 20 20 10 10 10 10 10 10 10 10 10 10 10 5 5 5 5 5 5 5 23 5 5 5 23 23 23 23 23 
23 5 5 5 23 23 23 23 23 23 23 20 23 23 23 23 20 16 7 7 7 7 7 7 16 10 1 1 1 1 9 9 9 9 9 9 9 1 9 1 1 1 1 1 1 1 1 1 1 1 1 1 1 1 1 1 1 1 1 1 1 1 1 5 16 16 7 7 7 7 16 16 16 16 16 5 23 5 5 10 10 10 5 5 5 5 5 23 23 23 23 23 23 23 23 23 23 23 
20 20 20 5 5 5 20 20 20 20 20 20 20 5 20 20 20 20 5 20 20 20 20 23 23 23 23 23 23 20 23 20 20 5 19 19 23 23 16 7 7 7 7 15 14 14 14 14 14 14 14 14 14 14 14 14 14 14 14 14 14 14 14 14 14 14 14 14 14 19 19 14 14 14 14 19 4 4 12 6 16 7 7 7 16 16 23 23 20 20 20 20 20 20 20 20 10 20 20 20 20 20 20 20 20 5 5 5 20 20 5 5 5 5 20 
23 23 23 23 23 23 23 23 23 23 23 23 23 23 23 23 23 23 23 23 23 23 16 7 2 2 2 2 2 2 7 14 19 19 19 19 19 19 19 19 19 19 19 19 19 19 19 19 19 19 19 19 19 19 19 19 19 19 19 19 10 19 19 19 7 7 7 7 7 16 7 16 23 23 20 20 20 20 23 23 23 23 23 23 23 23 23 23 23 23 
23 23 23 23 23 23 23 23 23 20 23 23 23 23 23 23 23 23 23 23 20 16 16 19 17 1 1 1 10 20 1 20 20 10 10 10 10 10 10 20 20 20 23 20 10 20 10 10 10 10 10 10 10 10 10 10 20 20 20 20 20 20 20 5 5 5 5 5 10 10 5 20 20 20 20 20 20 23 23 23 23 23 20 
23 23 20 23 23 23 23 23 23 23 23 23 23 23 23 5 19 16 16 16 16 16 18 10 10 10 10 14 14 14 14 14 14 14 14 14 14 4 4 4 10 10 10 4 19 19 19 19 19 4 4 4 17 6 6 15 16 16 16 16 7 16 20 20 10 10 10 10 10 10 20 20 10 10 20 20 10 10 5 5 5 5 5 5 5 5 5 5 5 5 
23 23 23 23 23 23 5 20 5 23 23 23 23 5 23 23 16 16 16 16 16 7 15 14 19 19 19 19 19 19 19 19 19 19 19 19 19 19 19 19 19 19 19 19 19 19 20 20 16 23 20 20 5 16 20 20 5 10 10 23 5 5 19 5 5 19 16 16 16 16 19 16 16 16 19 23 16 5 10 10 10 10 10 10 10 10 10 10 10 10 10 10 10 10 10 10 10 10 10 10 20 10 10 10 10 10 10 
20 20 20 5 20 20 20 20 5 23 23 23 23 23 20 23 23 23 20 16 16 7 7 7 7 7 15 19 10 10 10 10 10 19 20 20 20 20 10 10 10 10 10 10 10 10 10 10 10 10 10 10 10 10 10 6 6 6 6 6 19 16 7 7 7 7 16 16 16 20 20 20 20 20 20 20 20 20 20 5 20 23 5 5 23 23 23 20 
23 23 23 23 23 23 23 23 23 23 23 23 23 23 23 23 23 23 23 23 23 16 16 23 23 16 16 16 16 16 23 10 10 23 16 16 16 7 7 7 7 7 7 7 7 18 18 14 14 14 14 14 14 14 14 14 14 14 14 14 14 14 14 14 14 14 14 14 14 14 14 14 14 14 14 14 14 14 14 14 15 15 15 15 15 24 24 19 19 19 19 15 15 7 7 7 7 7 16 16 16 23 20 20 23 20 23 23 16 23 16 16 16 23 23 23 23 23 23 23 23 23 23 23 23 23 
5 20 20 23 23 23 23 23 23 23 23 23 23 20 20 23 23 20 23 23 16 16 7 7 20 23 16 16 16 2 2 16 5 20 23 23 20 23 20 23 16 7 7 15 1 21 21 18 14 14 14 14 14 14 14 14 9 9 9 1 1 1 1 1 1 1 1 1 1 1 1 1 1 1 6 6 6 19 19 16 16 16 23 20 20 10 10 10 10 10 10 10 19 19 16 20 20 14 19 20 20 5 5 5 5 20 
23 23 23 23 23 23 23 23 23 5 5 5 20 20 5 10 20 20 5 23 23 16 23 16 16 23 23 23 16 23 23 20 20 23 20 20 23 16 16 16 7 7 7 19 1 1 1 9 9 9 9 9 9 9 9 9 9 9 9 9 9 9 9 1 9 1 1 1 9 9 1 1 1 1 19 3 19 19 19 19 19 19 5 5 19 19 19 19 16 19 19 19 5 6 6 10 6 10 10 10 10 10 5 5 5 5 23 23 23 23 23 
20 20 20 20 20 20 20 20 20 23 23 16 19 5 23 23 23 20 20 20 16 7 7 7 7 2 2 7 15 4 21 21 10 18 21 1 21 1 1 11 10 11 11 11 1 1 1 19 1 17 6 19 19 7 7 7 7 7 7 7 7 7 7 16 16 16 23 5 5 5 5 5 5 5 5 5 5 5 5 23 16 16 16 5 5 5 5 20 23 23 23 23 
23 20 5 5 5 5 5 23 23 23 23 23 23 23 23 23 23 23 23 16 7 7 7 7 7 7 7 7 7 19 21 10 19 19 19 19 19 19 19 19 19 19 16 19 16 19 19 19 19 23 19 20 20 20 20 20 10 20 20 10 10 10 10 20 20 10 17 10 17 17 10 10 8 17 8 17 8 6 17 8 6 10 20 16 7 7 7 7 16 20 10 10 20 10 10 10 10 20 20 5 5 20 20 5 5 5 5 5 5 5 20 20 5 5 5 5 
23 23 20 20 23 23 23 23 23 20 20 23 23 23 23 23 23 20 20 20 23 16 16 7 7 7 2 7 7 19 17 17 17 4 1 4 4 1 4 1 1 17 1 1 1 10 1 17 17 17 1 1 1 1 17 17 10 16 16 16 16 16 20 20 20 20 20 10 10 10 10 10 10 10 20 5 5 5 5 23 5 5 5 23 5 23 5 5 5 5 
23 23 23 23 23 23 23 23 23 23 23 23 23 23 23 20 20 20 20 20 23 16 16 7 7 7 7 7 7 23 12 4 4 4 4 4 4 4 4 4 4 4 4 4 4 4 4 4 17 17 11 11 17 17 17 17 17 17 17 17 17 17 17 17 17 6 17 6 10 10 10 10 10 20 20 20 20 20 20 20 20 20 20 20 20 20 20 20 20 23 20 20 23 20 
20 20 20 5 23 20 23 23 23 23 23 23 23 23 23 23 23 23 23 16 16 19 16 18 21 18 18 18 18 14 14 14 14 14 14 14 14 14 14 14 14 14 14 14 14 19 19 19 19 16 19 19 5 5 5 6 6 6 5 19 15 7 16 16 23 23 20 10 10 10 20 20 20 20 23 23 23 23 23 23 23 23 23 23 23 23 20 23 23 23 
20 23 20 20 23 23 20 23 23 23 23 23 23 23 23 23 23 23 23 23 20 20 20 23 16 16 16 16 16 5 17 17 4 4 4 4 21 4 4 4 4 4 4 4 4 4 4 4 4 4 4 4 4 4 4 4 4 4 4 4 4 17 17 17 12 12 6 5 5 5 5 5 20 10 20 5 20 20 20 20 20 20 20 20 20 20 20 23 23 23 23 23 23 23 23 23 
20 23 23 23 23 23 23 23 23 23 23 23 23 23 23 23 23 20 16 16 7 7 2 2 14 18 18 4 4 18 10 10 10 4 4 4 4 4 4 4 4 4 4 4 10 10 4 4 4 17 17 17 17 17 17 17 17 6 19 16 16 16 16 5 5 20 20 20 20 5 5 5 23 23 23 23 23 23 23 23 5 23 23 23 23 
23 23 23 23 23 20 20 20 23 23 23 23 23 23 20 20 20 20 20 20 23 16 7 23 23 16 16 16 16 2 2 23 20 23 20 20 20 23 23 16 7 7 7 7 7 7 14 18 12 4 4 4 4 4 4 4 4 4 4 4 4 4 4 4 4 1 1 1 8 1 21 8 6 6 6 6 5 16 16 16 16 16 23 20 20 20 20 10 20 20 20 20 20 20 20 23 20 23 23 23 23 23 23 
23 23 23 23 23 20 23 23 23 23 23 23 5 5 23 23 23 23 23 5 16 7 16 23 23 23 5 23 23 10 10 20 20 19 16 16 16 16 7 7 7 7 7 14 18 4 4 4 14 14 14 14 14 14 14 14 14 14 9 14 14 9 1 1 1 1 1 1 1 8 1 8 8 8 8 8 17 17 17 17 10 19 7 7 7 7 7 7 7 7 16 16 16 16 20 20 20 20 20 10 10 10 10 10 10 10 5 5 5 5 5 5 5 5 5 5 5 5 5 5 5 
23 23 23 23 23 23 20 16 7 7 7 7 7 2 7 14 14 14 14 14 14 14 14 14 14 14 14 14 14 14 14 14 14 14 14 14 14 14 14 19 19 19 4 4 6 6 19 7 7 7 7 7 7 7 16 16 19 20 20 20 23 23 23 23 23 23 23 23 23 23 23 23 23 23 23 23 23 23 23 23 23 23 23 23 23 
20 20 20 5 5 5 5 5 5 20 20 20 5 5 5 23 23 16 23 23 23 16 7 23 5 19 14 5 20 20 19 19 18 1 1 1 1 1 1 1 1 1 1 1 1 1 1 1 1 1 1 1 1 1 1 1 10 19 7 16 7 7 7 7 15 15 15 19 5 10 10 6 5 5 5 5 23 5 23 5 5 23 23 23 23 23 23 23 23 23 5 23 5 5 23 5 5 
