23 23 23 23 23 23 23 23 23 23 23 23 23 23 23 16 23 23 23 23 16 16 23 16 23 20 20 20 23 23 5 20 23 16 2 2 2 2 13 13 13 13 13 13 13 13 13 13 13 2 2 7 6 8 8 8 8 8 8 3 3 24 24 24 24 8 6 5 5 23 23 23 23 8 8 23 7 7 2 2 2 2 2 2 2 2 2 2 2 7 7 7 7 7 16 16 20 20 20 20 23 23 23 23 23 5 5 5 5 5 5 5 5 5 5 5 5 5 5 5 5 5 5 10 
20 20 20 20 20 20 20 20 20 20 20 20 20 20 20 20 23 23 23 23 23 7 7 23 7 2 13 13 13 13 13 13 13 13 13 13 22 15 24 24 24 24 24 24 19 19 5 5 5 23 23 23 16 7 7 2 13 13 13 13 13 13 13 13 2 2 7 16 23 20 10 10 5 5 5 5 20 23 23 23 23 23 23 23 23 23 23 23 23 23 23 23 23 23 23 23 23 23 
23 23 23 23 23 23 23 23 23 23 23 23 23 23 23 23 23 23 23 23 16 16 23 23 23 23 23 23 23 23 23 23 23 23 23 16 7 2 2 2 2 13 13 13 13 13 13 13 13 13 2 15 19 1 3 3 3 3 3 3 3 3 3 3 3 3 5 8 5 23 23 6 6 5 5 20 16 2 2 2 2 2 2 13 13 2 2 15 7 16 23 23 20 20 20 20 23 23 23 23 23 23 23 23 23 23 23 23 23 23 23 23 23 23 23 23 23 23 20 
23 23 23 23 23 23 23 23 23 23 23 23 20 23 20 23 20 20 20 23 23 16 16 16 16 7 7 16 7 16 23 23 7 7 23 7 13 13 13 13 13 13 13 13 13 13 13 13 13 13 22 15 15 25 25 25 25 25 25 25 25 25 25 25 3 5 5 5 5 5 23 23 14 2 13 13 13 13 13 13 13 13 13 13 13 13 13 13 13 13 2 2 2 7 16 23 20 20 10 10 10 10 10 10 10 10 10 20 10 10 10 10 10 10 10 10 10 10 10 10 20 20 10 10 10 
23 23 23 23 23 23 23 23 23 23 23 23 23 23 5 10 20 23 23 23 7 2 7 7 16 16 23 23 23 23 23 23 20 19 5 23 7 2 2 13 13 13 13 13 13 2 2 15 1 1 1 1 1 8 8 3 3 5 5 5 23 23 23 20 20 19 19 7 2 13 13 13 13 13 13 13 13 13 2 2 2 2 2 7 7 23 20 20 20 20 20 20 20 20 20 10 20 23 5 5 5 5 5 5 5 5 5 5 5 5 5 5 5 5 5 
23 23 23 23 23 23 23 23 23 23 23 23 23 23 23 23 5 23 23 20 20 23 20 23 16 7 2 2 2 2 13 13 13 13 13 13 13 13 13 13 13 13 13 22 22 19 19 8 3 3 3 3 3 3 3 3 3 3 3 8 3 3 3 16 16 16 16 7 7 2 2 2 2 2 2 2 7 7 7 16 16 23 20 10 20 10 10 10 10 10 5 20 20 5 23 23 23 23 16 23 5 23 23 16 23 23 23 5 23 20 
23 20 23 23 23 23 23 23 23 23 23 10 5 23 23 23 23 23 23 23 20 16 7 2 2 13 13 13 13 13 13 13 13 13 2 15 19 19 19 19 19 19 19 19 19 5 5 5 5 20 16 7 2 13 13 13 13 13 13 13 13 13 13 2 2 2 7 23 20 20 20 10 10 10 5 5 5 5 5 5 5 5 5 5 5 5 5 5 5 5 5 5 5 23 23 20 23 
23 23 23 23 23 23 23 23 23 23 23 23 23 23 23 23 23 23 23 23 16 16 23 16 23 23 23 20 20 23 23 23 23 23 23 16 2 2 2 13 2 2 13 13 13 13 13 2 2 15 19 8 8 8 8 8 8 8 20 20 5 5 5 5 5 20 20 7 2 2 2 2 13 2 2 2 2 2 2 2 2 2 2 2 2 2 2 7 16 16 23 23 20 23 23 23 23 23 23 23 23 23 23 23 23 23 23 23 23 23 23 23 23 23 23 23 23 
20 20 20 20 20 20 23 23 20 20 20 5 5 23 20 23 20 20 23 20 20 16 7 23 20 20 20 20 23 23 16 16 20 20 20 20 20 23 23 23 23 23 23 23 16 16 23 23 20 23 23 23 23 23 20 20 20 23 23 16 7 2 2 13 13 13 13 13 13 13 13 13 13 13 13 22 15 19 19 19 19 19 5 5 5 5 10 5 5 5 5 23 20 16 20 7 2 2 2 13 13 13 13 13 22 2 2 7 16 16 19 19 19 19 5 5 5 5 5 5 5 6 5 5 6 5 5 5 5 5 5 5 5 5 5 6 5 5 6 
20 20 20 20 20 5 5 23 23 23 23 23 23 23 23 23 23 23 23 23 16 7 2 2 2 2 2 2 13 13 13 13 13 13 13 13 2 15 15 9 9 9 9 1 1 1 1 1 1 6 5 23 5 23 23 20 20 20 7 2 2 2 2 2 2 2 2 2 2 2 7 7 16 16 23 23 20 10 23 5 5 5 5 23 23 23 23 23 23 23 23 23 23 23 23 23 23 23 23 23 23 23 
20 20 20 23 23 23 23 23 23 5 23 23 23 23 23 23 23 23 23 23 23 16 7 2 2 13 13 13 13 13 13 13 13 13 13 2 15 15 15 15 15 15 15 15 15 15 15 15 15 24 24 15 24 23 23 20 5 5 23 20 9 9 14 7 2 2 2 2 2 2 2 2 2 7 16 20 20 20 20 20 10 5 5 5 5 23 5 5 5 23 5 5 5 5 5 5 5 5 20 5 5 23 5 5 
23 23 23 23 23 23 23 23 23 23 23 23 23 23 23 23 23 23 23 23 23 16 23 23 16 16 16 16 16 23 23 23 16 20 23 23 23 23 20 20 20 23 16 2 2 2 13 13 13 13 13 13 13 13 13 13 13 13 13 13 13 13 22 15 15 19 19 19 19 19 19 19 19 3 6 6 5 5 5 5 23 23 16 16 23 20 20 16 7 7 2 2 13 13 13 13 13 13 13 13 13 13 13 2 2 2 2 2 15 16 23 14 19 10 20 23 16 23 23 23 23 16 23 23 23 23 23 23 23 23 23 23 23 23 23 23 23 23 23 23 23 23 5 
20 23 23 23 23 23 23 23 23 23 23 23 23 23 23 23 23 23 23 23 16 7 2 2 13 13 13 13 13 13 13 13 13 13 22 15 19 1 1 1 3 3 1 3 3 3 5 5 6 6 16 23 23 23 23 16 23 20 16 7 7 2 2 2 2 2 2 2 2 2 2 7 16 23 20 20 20 20 20 20 20 20 20 20 20 23 23 23 23 23 23 23 23 23 5 23 23 23 20 5 23 23 
23 23 20 23 23 23 23 23 20 20 20 20 20 23 23 23 23 20 23 23 23 20 16 23 23 23 23 23 23 23 23 23 20 23 7 2 2 2 13 13 13 13 13 13 13 13 13 15 19 24 24 24 24 24 24 24 19 24 24 19 8 8 19 8 6 5 5 23 23 20 20 7 2 2 2 2 2 2 2 2 2 2 2 2 2 2 7 16 20 20 20 20 20 20 20 20 20 20 23 23 20 20 20 23 20 20 20 23 5 20 5 5 5 5 5 5 5 
23 23 23 23 23 23 23 23 23 23 23 23 23 23 23 23 23 23 23 23 23 16 7 2 2 13 13 13 13 13 13 13 13 13 13 2 2 15 24 24 24 24 24 24 24 24 24 24 24 24 8 8 24 15 5 5 23 5 23 20 9 14 7 2 2 2 2 2 2 2 2 2 2 2 2 2 2 2 2 2 2 2 15 7 7 7 7 7 7 16 16 16 16 16 16 23 23 23 20 20 20 20 10 10 10 10 10 10 10 10 10 10 5 5 5 5 23 
20 23 23 23 23 23 23 23 20 20 23 23 23 23 16 23 23 23 23 23 20 16 2 2 2 13 13 13 13 13 13 13 13 13 13 13 13 2 19 3 3 3 3 3 3 3 25 5 5 5 23 23 23 10 14 2 2 13 13 13 13 13 13 13 13 13 2 2 2 2 2 2 2 2 7 16 16 23 10 10 10 10 10 10 10 20 20 20 5 5 5 5 5 5 20 20 20 20 20 20 23 20 20 5 5 5 
23 23 23 23 23 23 23 23 20 23 23 23 20 23 23 23 23 23 23 23 23 16 16 7 2 2 2 2 2 13 13 13 13 13 13 13 13 13 13 13 13 13 13 22 15 15 15 15 15 15 14 14 24 24 24 19 19 20 5 5 5 5 5 23 23 23 10 20 14 2 13 13 13 13 13 13 13 13 13 13 13 13 2 2 2 2 2 2 2 2 7 7 16 16 16 23 23 23 23 23 23 23 23 23 23 23 23 23 20 23 23 23 23 23 23 23 23 23 23 23 23 23 
23 23 23 23 5 23 23 23 20 5 5 23 5 5 23 20 23 5 23 23 7 2 16 23 5 5 23 23 23 23 23 23 16 7 2 2 2 2 13 13 13 13 13 13 13 13 13 13 2 15 19 1 1 1 1 1 1 3 3 3 3 3 3 6 6 5 5 5 23 23 23 20 16 7 2 2 2 2 2 2 2 2 2 2 2 2 2 22 15 7 23 20 20 20 20 20 20 20 23 20 20 14 19 20 20 20 20 20 20 20 20 5 5 5 5 20 5 10 5 5 
23 23 20 20 20 20 20 23 20 20 20 20 20 23 23 23 23 20 20 20 16 16 16 20 20 16 16 16 23 16 16 23 16 23 23 23 23 23 23 20 23 16 16 2 2 2 13 13 13 13 13 13 13 13 13 13 13 22 15 15 15 15 15 25 25 25 6 5 5 23 23 23 16 7 2 2 13 13 13 13 13 13 13 13 13 13 13 13 13 13 13 13 13 22 2 2 2 7 16 23 5 5 5 5 5 5 5 5 5 5 5 5 5 5 5 5 5 5 5 23 23 23 23 23 23 23 23 23 5 
23 23 23 23 23 23 23 23 23 23 23 23 23 23 23 23 23 23 23 23 23 7 16 23 23 23 23 16 2 16 16 16 16 16 23 16 16 16 23 23 20 23 16 16 23 6 6 19 20 16 7 2 13 13 13 13 13 13 13 13 13 13 13 13 13 15 19 1 1 1 1 9 3 25 19 16 19 19 19 20 9 7 2 2 2 13 13 13 13 13 13 13 13 13 13 13 13 13 13 2 2 2 2 7 16 23 23 20 20 20 23 23 5 5 5 16 16 5 16 23 5 23 23 5 23 23 5 5 5 23 5 23 23 5 5 5 5 5 16 7 23 5 23 20 23 5 5 23 5 23 5 5 23 23 23 23 5 23 23 23 20 23 23 23 23 23 23 23 23 20 
20 20 20 5 20 20 5 5 5 23 5 23 23 23 23 23 23 23 23 23 16 7 2 2 2 2 13 13 13 13 13 13 13 13 13 13 13 13 22 15 19 19 19 24 19 19 3 3 3 3 3 3 3 8 8 6 19 16 23 5 23 23 23 20 16 7 2 2 2 2 2 2 2 2 2 2 2 2 2 7 7 7 16 16 16 23 23 20 20 20 20 10 20 20 20 20 10 20 20 5 20 20 20 20 10 5 5 20 5 5 5 5 5 
23 23 23 23 23 23 23 23 23 23 23 23 23 23 23 23 23 23 23 20 20 16 2 2 13 13 13 13 13 13 2 19 1 1 1 1 3 3 24 16 5 5 5 20 16 16 7 2 2 2 2 2 2 2 2 2 2 2 2 2 2 2 7 7 16 16 23 20 20 20 20 20 20 20 5 23 23 23 23 23 23 5 5 5 23 23 23 23 23 23 23 23 23 23 
23 23 23 23 23 23 23 23 23 23 23 23 23 23 23 23 23 23 23 23 23 23 23 23 23 23 20 20 20 10 20 20 10 10 5 5 16 5 5 5 5 23 16 7 2 2 2 13 13 13 13 13 13 13 2 15 25 24 24 3 24 24 24 24 8 8 8 8 8 10 10 5 5 23 10 4 20 16 16 7 7 7 7 7 7 7 7 7 16 16 23 23 23 23 5 20 10 5 10 10 10 20 10 20 20 20 23 20 20 20 20 20 20 20 20 20 20 20 20 20 20 20 20 20 23 20 20 10 20 23 20 23 23 23 23 23 23 23 23 
23 23 23 23 23 23 23 23 23 23 23 23 23 23 23 23 23 23 23 23 16 7 7 23 20 20 20 16 20 20 20 16 16 7 20 7 2 7 7 7 7 7 23 23 23 23 23 23 23 20 20 23 16 7 2 2 13 13 13 13 13 13 13 13 13 13 13 13 13 22 22 15 15 15 15 15 15 15 15 15 25 19 19 19 19 19 19 19 10 20 5 5 23 23 23 23 23 23 16 16 16 2 2 13 13 13 13 13 13 13 13 13 13 13 13 2 2 2 2 2 2 2 7 16 23 23 5 23 23 20 23 23 23 23 23 23 23 23 23 23 23 23 23 23 23 5 5 5 5 5 5 5 5 5 
20 23 20 23 23 23 23 23 23 23 23 23 23 23 23 23 23 23 23 16 7 7 2 2 2 2 2 2 2 2 2 2 2 7 15 8 8 8 8 8 8 8 8 8 8 8 5 5 5 5 23 23 23 20 10 10 16 7 7 2 2 2 2 2 2 2 2 7 16 23 20 20 20 20 20 23 23 23 23 23 23 23 23 23 23 23 23 23 23 23 23 23 23 23 23 23 23 23 
20 20 20 20 20 20 23 23 23 23 23 23 23 23 23 23 23 23 20 20 23 16 7 2 2 2 13 13 13 13 13 13 2 15 15 9 1 1 4 4 4 8 8 8 8 24 24 24 7 16 19 5 19 7 7 2 2 2 13 13 13 2 2 2 2 2 7 16 16 16 23 23 23 23 23 23 23 23 23 23 23 23 23 23 23 23 23 23 23 23 23 23 23 23 23 23 23 
23 23 23 23 23 23 23 23 23 23 23 23 23 23 23 23 23 23 20 20 23 16 16 23 23 20 20 16 7 2 2 13 13 13 13 13 13 13 13 13 13 13 13 13 13 13 22 15 25 3 3 3 3 3 3 3 25 7 5 23 23 23 23 23 23 19 16 2 2 13 13 13 13 13 13 13 2 2 7 16 20 10 10 20 20 23 23 23 23 23 23 23 23 23 23 23 23 23 23 23 23 23 23 23 23 5 5 23 
23 23 23 23 23 23 23 23 23 23 23 23 23 23 23 23 23 23 23 23 23 23 23 20 23 23 23 23 16 23 23 23 23 23 23 23 23 23 23 23 23 23 23 16 7 16 16 7 2 2 13 13 13 13 13 13 13 13 13 13 13 13 22 15 24 25 25 25 25 24 24 3 3 3 5 16 5 20 23 23 23 20 20 7 2 13 13 13 13 13 13 13 13 13 13 13 13 13 2 2 2 7 7 7 7 7 16 16 16 23 20 20 20 10 10 20 20 10 10 10 10 10 5 5 5 5 20 5 5 5 23 23 5 5 5 5 
23 23 23 23 23 23 23 23 23 23 23 23 23 23 23 23 23 23 16 7 2 2 13 13 13 13 13 13 13 13 13 13 13 13 13 13 13 22 15 24 24 24 24 24 24 24 24 24 24 24 24 24 19 5 5 23 23 23 23 23 20 19 7 7 2 2 13 13 13 13 13 13 13 13 13 13 2 2 2 2 2 2 7 16 16 23 23 20 23 23 23 23 23 23 23 23 23 23 23 23 23 23 23 23 23 23 23 23 23 23 23 23 23 
5 20 23 23 20 20 23 20 20 20 20 20 20 20 20 20 20 20 20 5 23 19 19 20 5 7 7 16 23 5 16 16 23 16 7 2 2 13 13 13 13 13 13 2 2 15 19 3 3 3 3 3 3 3 3 6 6 5 5 23 10 10 16 7 2 2 2 2 13 13 13 13 2 2 2 2 2 2 2 15 7 16 23 10 10 5 5 5 5 5 5 5 5 5 23 23 23 23 23 23 23 5 5 5 5 5 5 5 5 5 5 
