23 23 23 23 23 23 23 23 23 23 23 23 23 23 23 23 23 23 23 5 10 17 10 8 8 8 8 8 8 8 8 3 3 3 3 3 3 3 3 3 3 3 5 5 23 23 23 23 23 23 16 16 16 23 20 20 5 23 23 23 23 23 23 23 23 23 23 23 23 23 23 23 23 20 23 23 23 23 23 23 5 5 20 
23 23 23 23 23 23 23 23 23 23 23 16 23 20 20 20 20 20 20 20 20 16 16 20 20 20 20 20 20 20 20 20 20 20 20 20 23 5 23 23 20 23 3 24 25 25 25 25 25 25 25 25 25 25 25 25 25 25 25 3 5 23 23 20 16 2 2 2 2 7 7 16 23 20 5 5 5 5 5 23 23 23 23 23 23 23 23 23 23 23 23 23 23 23 23 23 20 23 23 23 23 
23 23 23 23 23 23 23 23 23 23 23 23 23 23 23 23 23 23 23 23 16 16 16 16 23 16 23 16 23 5 3 1 3 3 3 3 3 3 3 3 3 3 3 3 3 3 3 3 3 3 3 3 5 5 23 23 23 23 23 16 16 23 3 5 23 20 20 20 20 20 20 20 20 23 23 23 20 23 5 23 23 23 23 23 23 23 23 23 23 5 
23 20 20 20 20 5 20 20 20 20 20 20 20 20 20 23 23 23 23 23 23 7 2 2 7 16 7 23 16 16 16 16 16 23 3 3 25 25 25 25 25 25 25 25 25 25 25 25 25 25 25 25 25 25 25 25 25 25 25 25 25 25 5 10 23 23 16 23 20 6 6 10 10 10 10 10 10 10 10 10 10 10 10 10 10 10 10 10 10 10 10 10 
23 23 23 20 23 23 20 20 23 23 23 23 23 23 23 23 23 23 23 23 23 7 16 20 23 23 23 23 23 23 16 16 16 16 3 3 3 3 3 3 3 3 3 3 3 3 3 3 3 6 6 6 6 6 5 20 23 23 23 23 23 23 6 6 20 5 20 20 6 5 5 5 5 5 5 5 5 5 5 
23 23 23 23 23 23 23 23 23 23 23 23 20 20 20 20 23 23 23 23 10 10 10 1 1 1 1 16 16 16 3 3 3 3 3 3 25 25 3 25 25 3 3 3 3 25 3 25 25 6 5 5 20 5 10 5 5 5 5 5 5 23 23 23 16 16 23 23 23 23 23 23 20 23 23 23 23 23 20 
23 23 23 23 23 23 23 23 23 23 23 23 23 23 23 23 23 23 23 23 23 15 15 23 20 24 24 24 24 24 24 24 24 24 3 3 3 3 8 8 8 6 6 5 5 23 23 23 23 23 23 23 23 23 23 23 23 23 23 5 6 5 23 23 23 5 23 23 23 23 
23 23 23 23 23 23 23 23 23 23 23 23 23 23 23 23 23 23 23 23 16 16 16 23 23 23 23 23 23 23 23 23 23 23 23 23 23 23 23 23 16 23 3 3 3 3 3 3 3 3 3 3 3 3 3 3 3 3 3 3 5 5 5 5 5 23 5 7 2 2 2 2 7 7 7 16 23 23 20 23 23 23 23 23 23 23 23 23 23 23 23 23 23 23 23 23 23 23 23 23 23 23 23 23 
23 23 23 23 23 23 23 23 23 23 23 23 5 23 23 23 23 23 23 23 7 7 23 23 20 23 23 23 25 25 25 25 25 25 25 25 25 25 25 25 25 25 25 5 5 5 5 23 5 23 23 23 23 7 2 2 2 2 7 7 16 16 23 20 20 5 10 10 10 10 10 10 10 10 10 10 20 20 20 10 10 5 5 5 5 5 5 5 5 5 5 5 
23 23 5 23 23 23 23 23 23 23 23 23 23 16 23 23 23 23 23 23 23 16 3 1 8 3 3 3 3 3 3 3 3 3 3 3 3 3 3 3 3 3 3 6 5 23 23 23 23 23 7 7 7 7 7 16 16 16 23 20 20 20 5 5 5 23 5 23 5 23 16 23 23 23 23 23 23 23 23 23 23 23 23 23 5 
23 23 23 23 23 23 23 23 23 23 23 23 23 23 23 23 23 23 23 23 19 7 16 2 7 7 16 16 23 23 16 23 16 23 16 16 14 14 14 14 24 24 24 24 24 24 24 24 24 24 24 24 15 15 15 15 25 15 25 5 5 5 23 23 16 23 5 7 7 15 15 16 19 5 5 10 10 20 20 20 20 5 20 23 23 23 23 23 23 23 23 23 23 23 23 23 23 23 23 23 23 23 
23 23 23 23 23 23 23 23 23 23 23 23 23 23 23 23 23 23 20 23 23 10 10 19 19 19 19 19 19 19 14 24 24 25 25 25 25 25 25 25 3 6 6 5 23 23 23 23 5 5 23 23 23 23 23 23 23 7 2 2 2 7 16 5 5 3 10 10 10 20 5 16 16 23 23 23 23 23 23 23 23 23 23 23 23 23 23 23 23 23 23 23 23 
23 23 23 23 23 23 23 23 23 23 23 23 23 23 23 23 23 23 23 23 23 16 16 23 23 23 23 23 23 23 23 23 23 23 23 23 23 16 16 16 23 23 16 23 23 23 16 23 23 23 23 3 3 3 25 25 3 3 3 3 3 25 25 3 3 3 3 25 25 3 5 23 23 23 23 23 23 23 23 23 23 23 23 23 23 23 23 23 23 20 20 5 20 20 20 20 20 
23 23 23 23 23 23 23 23 23 23 5 23 23 23 23 23 20 20 20 20 20 5 24 24 24 24 24 24 24 24 24 24 3 3 3 3 3 25 24 3 3 3 6 6 6 5 23 16 16 20 5 20 20 20 20 20 5 5 5 5 5 5 23 23 23 23 23 23 23 23 23 23 23 23 20 5 5 20 
23 23 23 23 23 23 23 23 23 23 23 5 23 23 23 23 23 23 23 23 16 24 24 24 24 24 24 24 24 24 24 24 3 3 3 3 3 3 3 3 6 5 5 20 5 10 5 23 23 23 20 6 5 23 23 5 6 6 20 20 20 20 20 20 6 10 10 20 5 10 
23 23 23 23 23 23 23 23 23 23 23 23 23 23 23 23 23 20 20 23 5 1 8 8 3 1 3 3 24 24 24 3 25 25 25 25 25 25 5 5 5 5 23 23 23 23 16 2 2 7 16 23 20 5 10 5 5 20 5 23 23 23 23 23 23 23 23 23 23 23 23 23 23 23 23 23 23 23 23 23 
23 23 20 23 20 10 20 20 23 23 20 23 23 23 23 23 23 23 23 23 23 7 7 16 16 16 16 16 23 23 16 23 23 23 23 23 23 16 16 16 23 23 15 15 15 25 15 25 15 15 15 15 15 15 25 25 25 25 25 25 25 25 25 25 25 6 5 5 5 5 5 23 20 16 2 2 7 7 16 16 16 23 23 20 20 20 20 20 23 23 23 23 16 16 16 23 23 16 23 20 23 23 23 23 23 5 23 
20 20 20 20 20 23 20 20 20 23 20 23 5 5 5 5 20 20 20 5 16 7 7 7 7 23 16 16 23 23 16 23 23 23 3 16 3 3 3 3 3 3 3 3 3 3 3 25 25 25 25 25 3 3 3 3 3 5 5 5 5 23 23 23 23 23 23 7 2 2 2 2 2 2 2 2 15 7 16 23 23 20 20 20 20 20 20 20 20 20 20 16 20 20 20 20 23 16 23 20 5 5 20 20 5 5 5 5 20 20 5 5 20 5 20 20 20 5 5 5 5 20 5 20 5 5 5 10 
23 20 23 20 20 20 23 23 16 16 23 23 23 23 23 23 23 16 16 16 23 25 25 25 25 25 25 25 25 25 25 25 25 25 25 25 6 5 5 5 23 23 23 23 16 2 13 2 2 2 2 2 2 2 7 7 7 16 16 23 23 23 20 20 20 23 23 23 20 10 10 20 20 5 5 5 5 5 5 5 5 5 5 5 5 5 5 5 
23 23 23 23 23 23 23 23 23 23 23 23 23 23 23 23 23 23 23 23 23 16 19 19 5 5 5 23 23 23 16 23 7 2 16 16 23 23 23 23 20 19 23 16 23 16 5 5 5 24 24 24 24 24 24 24 24 25 25 24 24 3 24 15 6 5 5 5 5 5 16 2 22 22 22 15 15 15 15 19 5 5 5 6 10 10 6 6 6 10 6 6 6 6 6 6 6 6 6 6 6 6 6 5 6 5 5 5 
23 23 23 23 23 23 23 23 23 23 23 23 23 23 23 23 23 23 23 23 23 20 3 3 3 3 3 3 3 3 25 25 25 25 25 25 25 3 3 3 3 3 3 3 6 6 6 5 5 5 23 5 7 7 7 7 16 16 16 23 23 23 20 20 20 20 20 20 10 5 5 5 5 5 5 5 5 5 5 5 5 5 5 5 5 
23 23 23 23 23 20 20 23 23 23 23 23 23 23 23 23 23 23 23 20 20 3 3 3 3 3 3 3 3 3 3 3 3 3 3 5 5 5 10 10 5 23 23 23 23 23 23 23 23 23 23 23 23 23 23 23 23 23 23 23 23 23 23 23 23 
23 23 23 5 10 10 5 23 23 23 23 23 23 23 23 23 23 23 23 16 10 8 8 8 8 8 3 3 3 3 3 3 3 3 3 3 3 3 3 3 3 3 8 3 5 20 23 23 23 23 23 23 23 23 23 23 23 23 23 23 23 23 23 23 23 23 23 23 23 23 23 23 23 23 
23 23 23 23 23 23 23 23 23 23 23 23 23 23 23 23 23 23 23 23 5 5 1 19 19 25 25 15 25 25 25 15 25 25 25 25 25 25 25 25 25 25 3 3 3 6 5 5 23 23 23 23 23 23 16 16 16 16 5 5 20 5 5 5 5 5 23 23 23 23 23 23 23 23 23 23 23 23 23 23 23 23 23 23 23 23 20 
20 20 20 20 23 23 23 23 23 23 23 23 23 23 23 23 23 23 23 23 16 7 23 23 23 16 23 23 16 8 8 8 3 8 3 3 3 3 3 3 3 3 3 3 3 3 3 3 3 3 3 6 5 5 5 5 5 23 23 16 16 16 23 23 20 20 20 20 20 20 20 10 20 20 20 20 20 20 20 23 20 23 23 23 23 23 23 20 23 23 
23 23 23 23 23 23 23 23 23 23 23 23 23 20 20 23 23 23 23 23 20 23 23 16 23 23 23 23 16 23 23 23 23 23 23 20 20 3 3 3 3 24 24 24 24 24 24 24 24 24 3 3 3 3 3 3 3 6 6 5 5 5 5 23 15 16 16 7 7 7 16 16 20 20 10 10 10 10 5 5 5 20 23 23 23 23 23 23 23 23 23 23 23 23 23 23 23 23 23 23 20 
23 23 23 23 23 23 23 23 23 23 23 23 23 23 23 23 23 23 23 20 7 7 16 23 7 16 23 23 23 23 23 23 23 23 23 16 3 3 3 3 3 3 25 3 3 3 3 3 3 3 3 5 6 6 5 23 23 23 23 23 23 23 23 23 23 23 23 23 23 5 6 5 23 23 23 5 20 23 23 23 23 
23 23 23 20 23 20 23 23 23 23 23 23 23 23 23 5 5 23 23 23 23 7 7 23 23 23 5 5 23 23 23 3 24 3 3 3 3 3 3 25 25 25 25 25 3 3 3 3 3 3 6 23 5 23 23 5 23 23 7 2 2 2 2 2 7 7 7 16 16 16 23 20 20 10 20 10 20 20 20 20 20 20 20 20 23 23 5 5 5 5 23 23 20 5 23 23 5 
23 23 23 23 23 23 23 23 23 23 23 23 23 23 23 23 23 16 16 24 24 24 24 24 24 24 24 24 24 24 24 24 24 24 24 3 3 3 6 5 5 23 23 5 16 7 2 2 7 16 16 23 20 20 5 5 23 23 5 5 23 23 23 23 23 23 23 23 23 23 23 23 23 23 23 23 23 23 23 
5 20 20 20 20 20 20 20 20 20 20 20 20 20 20 20 20 20 20 5 2 2 16 23 16 16 7 23 23 23 23 23 23 3 3 3 3 3 3 3 3 3 3 3 3 3 3 3 5 5 5 23 23 23 23 7 2 2 7 7 16 23 20 20 20 20 5 23 23 23 20 23 23 23 23 23 5 23 23 23 20 23 5 5 5 23 5 5 5 5 
