23 23 23 23 23 23 23 5 20 23 16 23 23 23 23 23 23 23 23 23 23 23 7 7 20 8 8 8 8 8 8 8 8 8 8 8 8 8 8 8 8 8 8 4 4 4 4 4 4 4 4 12 12 12 6 6 6 6 10 5 5 5 5 5 20 5 23 23 5 20 23 23 23 23 23 23 23 23 23 23 23 23 23 
20 20 20 20 20 20 20 20 20 20 20 20 20 23 23 23 23 23 23 23 16 16 16 16 16 5 20 23 23 23 23 23 23 23 23 2 13 13 2 2 22 15 15 15 24 24 24 24 24 24 24 24 24 24 9 9 9 9 18 18 18 18 18 6 4 4 10 10 10 10 10 10 10 10 10 10 20 20 5 20 5 5 23 23 20 23 23 23 20 5 23 20 
16 16 16 16 23 23 23 23 23 23 23 23 23 23 23 23 23 23 23 23 23 2 2 2 2 15 19 3 3 3 3 3 3 3 3 3 3 3 3 8 8 8 8 3 6 6 6 6 6 6 6 5 5 20 20 20 23 23 23 23 23 23 23 20 23 23 23 23 23 23 23 23 23 23 
20 20 20 23 20 20 20 20 20 23 20 20 20 20 20 20 20 20 20 20 20 7 7 23 16 23 23 23 5 20 23 23 23 23 16 2 2 2 2 2 2 7 7 15 24 24 24 24 24 9 9 9 9 9 9 9 9 9 9 9 9 9 9 18 14 14 18 18 18 6 6 6 19 19 5 5 5 5 5 10 10 10 10 10 10 10 5 5 5 5 5 23 23 5 23 23 23 23 23 23 23 
23 23 23 23 23 23 23 23 23 23 23 23 23 23 23 23 23 23 23 23 23 23 23 7 7 16 23 23 16 23 23 23 23 23 23 23 23 7 2 2 2 7 25 24 8 8 8 8 8 8 8 8 8 8 8 8 17 17 17 12 12 12 12 12 6 6 6 6 6 10 5 5 20 5 5 5 5 5 5 5 23 23 23 23 23 23 23 23 23 23 5 23 23 
23 23 23 23 23 23 23 23 23 23 23 23 23 23 23 23 23 23 23 23 16 7 16 16 16 5 5 23 16 7 16 23 16 16 16 23 23 23 23 23 23 16 7 2 2 15 15 25 3 1 24 24 1 8 8 8 8 8 8 8 8 8 8 8 8 8 17 6 17 17 6 6 10 10 10 10 10 10 10 10 10 10 10 10 10 10 10 10 10 10 10 10 10 10 10 5 10 
23 23 5 5 5 23 23 23 23 23 23 7 2 13 2 7 7 19 19 19 6 6 6 17 17 17 17 17 12 12 12 12 12 12 6 10 10 10 5 5 5 5 5 5 6 5 5 5 5 5 5 5 5 5 5 23 23 23 23 23 23 23 
23 23 23 23 23 23 23 23 23 23 23 23 23 23 23 23 23 23 23 23 23 16 7 16 23 23 23 23 23 23 23 23 23 23 23 23 23 23 23 23 16 2 2 2 2 2 2 2 7 24 8 8 8 8 8 8 8 8 8 8 17 17 17 17 17 17 12 12 12 12 12 6 10 10 10 20 20 23 23 23 23 23 23 23 23 23 23 23 23 23 23 23 23 23 
23 23 23 23 23 23 23 23 23 23 20 20 20 20 23 23 23 23 23 23 23 7 2 13 13 2 2 15 24 24 24 24 24 24 24 24 24 19 19 19 19 19 18 18 6 6 6 6 10 5 5 5 5 5 5 5 5 5 5 5 5 5 5 5 5 5 5 5 5 6 5 5 5 5 
23 23 23 23 23 23 23 23 23 23 16 23 23 16 16 16 23 23 23 16 7 2 2 2 2 7 7 15 24 24 8 8 8 8 8 8 8 8 8 8 11 11 11 11 4 11 11 11 11 11 12 6 10 10 10 10 10 10 10 5 5 5 5 5 5 23 23 23 23 23 23 23 23 5 23 23 23 23 23 23 
23 23 23 23 23 20 20 23 23 23 23 23 5 5 20 20 5 23 23 23 2 2 23 23 23 23 23 5 7 2 7 15 24 24 24 24 24 24 24 24 15 15 15 15 15 15 15 15 15 15 15 24 19 19 6 6 12 12 6 6 5 5 5 20 20 10 10 5 5 5 5 5 5 5 5 20 5 5 20 20 5 5 5 5 5 5 10 
23 23 23 23 23 23 23 23 23 23 23 23 23 23 23 23 23 23 23 23 23 7 13 13 13 13 22 15 15 15 19 19 19 19 19 19 24 24 24 24 24 24 24 24 24 24 24 24 19 4 24 19 19 19 6 6 6 6 6 6 5 20 20 20 5 5 5 5 5 5 5 5 23 23 23 23 23 23 23 23 23 23 23 
23 23 23 23 23 23 23 23 20 23 23 23 23 23 23 23 23 23 23 23 23 16 2 2 2 7 16 5 8 24 24 24 3 24 24 24 24 3 3 8 8 8 6 6 6 6 6 6 6 6 6 5 5 10 20 10 10 10 10 10 10 20 20 23 23 23 23 5 23 5 5 5 23 5 
20 20 20 20 20 20 20 20 20 23 23 23 20 23 23 23 23 5 5 23 23 23 16 2 2 2 7 7 15 24 24 24 24 24 8 24 24 24 24 24 24 24 4 6 4 17 17 17 17 17 12 12 12 6 6 10 10 10 5 10 5 5 5 5 5 5 5 5 5 5 5 5 5 5 5 23 23 5 23 23 23 
23 23 23 20 23 23 23 20 23 23 20 20 20 20 23 23 23 23 23 23 23 7 19 19 23 23 20 5 20 23 16 16 23 23 23 16 7 7 2 13 13 13 22 22 15 24 24 24 24 24 24 24 24 24 24 24 24 24 24 8 8 8 8 17 17 17 17 6 6 6 6 6 10 10 10 10 5 5 5 5 5 5 5 5 5 5 5 5 5 5 10 5 5 5 5 5 5 10 10 
23 23 23 23 23 23 23 23 20 23 23 23 23 23 23 20 23 23 23 23 23 16 2 2 2 15 15 25 3 3 24 24 24 24 3 24 24 24 24 24 8 4 4 4 12 12 18 6 6 6 10 20 20 10 10 10 10 10 10 10 10 10 10 10 10 5 5 5 10 20 20 20 10 10 10 20 20 5 5 
23 23 23 23 23 23 23 23 23 23 23 23 23 23 23 23 23 23 23 23 23 16 2 13 2 2 2 15 15 15 15 24 24 24 24 24 24 24 24 24 24 24 24 24 24 24 24 24 24 24 14 14 14 18 18 18 18 18 18 18 18 18 18 18 18 12 18 18 18 18 18 18 18 18 6 10 10 10 10 10 10 10 20 20 20 20 20 23 23 23 5 5 5 5 
20 20 23 20 20 20 20 20 20 20 23 16 23 20 20 23 23 23 23 23 7 2 7 16 23 23 23 23 23 23 23 7 2 2 2 2 15 24 24 24 24 24 24 24 24 24 24 24 24 24 24 24 8 3 8 24 24 6 6 6 6 6 10 6 10 5 5 19 19 5 5 5 5 5 5 5 5 5 5 5 5 5 5 5 5 5 5 5 5 5 5 5 5 5 5 5 5 5 
20 20 20 23 23 23 23 23 23 23 23 23 23 5 23 23 23 23 23 23 23 7 2 13 13 13 13 2 2 15 25 25 25 25 25 25 24 24 24 24 24 24 24 24 24 24 24 1 1 1 1 1 1 1 1 11 6 1 6 6 19 18 6 6 6 6 6 5 5 5 5 5 5 5 5 6 5 5 5 5 5 5 5 5 5 5 5 5 
20 20 23 23 5 5 6 6 5 23 23 23 16 7 7 23 23 23 23 23 23 20 5 5 16 23 23 23 5 16 16 16 5 5 20 23 20 23 16 7 16 23 23 23 7 2 22 15 15 15 24 24 24 8 4 11 4 4 11 11 11 4 4 4 18 6 6 6 6 6 6 5 5 6 6 10 10 10 6 5 5 5 5 5 5 5 5 5 5 5 5 5 5 5 5 5 5 5 5 5 5 5 
5 5 5 5 5 5 23 5 23 23 23 23 23 23 23 23 23 23 23 23 23 16 23 23 23 23 23 23 5 23 23 23 16 2 13 13 13 2 2 15 24 24 24 24 24 24 24 24 3 3 3 3 3 3 8 8 8 8 8 8 17 17 17 12 12 12 12 6 6 6 6 12 12 6 6 10 10 10 10 10 10 10 10 10 10 10 20 5 10 5 5 5 5 5 5 20 
23 23 23 23 23 23 23 23 23 23 23 23 23 23 23 23 20 23 23 23 20 20 20 20 20 23 23 23 23 23 5 23 23 23 23 23 23 16 7 2 7 24 3 3 3 24 8 8 8 8 8 8 8 8 8 8 1 8 6 6 10 10 10 10 20 10 10 10 10 20 20 5 5 5 5 5 5 5 5 5 5 5 5 5 5 
23 23 23 23 23 23 23 23 23 23 23 23 23 23 23 23 23 23 23 23 20 7 7 15 19 19 24 24 24 8 24 24 24 24 24 24 24 8 8 8 6 6 6 6 6 17 6 6 6 6 17 6 6 6 10 10 10 10 10 20 20 20 10 10 10 10 5 5 23 23 23 23 23 23 23 23 23 23 23 20 23 23 20 
16 20 20 23 20 20 23 23 23 23 23 20 20 20 20 23 20 20 23 20 20 20 23 23 23 23 20 20 23 23 16 20 20 20 20 20 7 7 5 16 23 23 23 23 23 23 23 23 23 5 5 5 23 23 23 23 23 23 23 20 16 7 25 19 19 19 19 19 25 25 25 25 25 25 9 19 19 19 25 25 25 25 25 25 25 25 25 25 19 19 6 6 6 6 6 6 6 5 5 5 5 5 23 23 5 5 23 23 5 5 20 23 23 23 23 23 23 23 23 23 23 23 23 23 
20 23 23 23 20 23 23 23 20 23 23 23 23 23 23 23 23 23 23 23 23 16 7 16 23 23 23 23 23 23 23 16 7 7 7 7 16 16 6 8 8 8 8 8 8 8 8 8 8 8 17 17 8 17 17 17 17 17 17 17 17 12 12 6 6 10 5 5 20 5 23 23 23 23 23 20 23 20 23 23 23 23 23 23 23 23 23 23 23 23 
23 23 23 23 23 23 23 23 23 23 23 23 23 23 23 23 23 23 23 23 20 20 23 23 20 23 20 23 23 23 23 23 23 23 23 23 23 23 23 23 16 16 23 23 23 23 23 16 16 23 23 23 16 23 23 23 23 23 23 23 23 23 23 23 16 7 7 7 15 24 19 24 24 4 4 4 4 4 4 4 4 4 4 4 17 4 4 12 12 12 12 12 12 6 6 5 5 5 23 23 23 23 5 23 23 5 23 23 23 23 23 23 23 23 23 23 23 23 23 23 23 23 
20 23 23 23 23 23 23 23 23 23 23 23 23 23 23 23 16 23 23 23 16 7 23 23 23 23 23 23 23 23 2 13 13 2 2 15 15 16 16 16 24 8 24 8 8 8 8 17 17 17 17 17 21 21 12 12 12 12 12 12 6 6 10 10 10 10 20 5 23 23 23 23 23 23 23 23 23 23 23 23 23 23 23 23 23 23 23 23 23 
20 20 20 23 23 23 23 23 23 23 23 23 23 23 23 23 23 23 23 23 23 14 14 23 23 23 23 23 23 23 5 16 23 23 23 23 23 23 23 23 7 2 2 2 2 2 2 15 15 24 24 3 3 24 24 24 24 24 24 24 3 3 3 8 1 1 1 1 1 21 21 21 12 12 12 12 12 10 10 10 10 10 10 10 10 10 10 10 10 10 5 5 5 5 5 5 5 5 5 5 5 5 5 5 5 23 
23 23 23 23 23 23 23 23 23 5 5 23 23 23 23 23 23 23 23 16 16 2 2 2 15 15 15 15 24 24 24 24 24 24 24 24 24 24 24 24 24 24 24 24 24 24 24 4 4 4 4 12 12 12 12 12 12 12 12 6 6 10 10 10 20 20 23 23 23 23 23 23 23 23 23 23 23 23 23 23 23 23 23 23 23 
23 23 23 20 23 23 23 23 5 23 5 23 5 23 23 23 20 20 20 20 20 16 16 16 16 23 23 23 23 7 2 2 2 25 3 3 3 3 3 3 3 3 8 1 1 21 6 6 10 10 10 10 5 5 5 5 20 5 5 5 5 5 5 5 5 5 5 10 10 10 5 5 5 5 6 5 
