23 23 23 23 23 23 23 23 23 23 23 23 23 23 23 23 23 23 23 23 23 23 7 7 16 16 7 7 7 16 16 16 16 23 16 16 23 20 20 10 21 21 17 17 17 12 12 17 17 12 12 12 12 12 12 12 12 12 12 12 12 12 12 12 12 12 12 12 12 12 6 6 6 10 10 5 20 20 5 5 5 5 5 23 5 5 5 5 5 5 5 5 5 5 5 5 5 5 
23 20 23 23 23 23 23 23 23 23 23 23 20 20 20 20 20 20 23 23 20 23 16 23 16 16 16 16 16 16 23 23 16 16 23 20 20 20 20 20 20 20 5 23 20 10 10 5 10 23 14 14 14 14 14 14 14 14 14 14 14 14 18 18 18 18 18 18 18 18 18 18 18 11 10 20 20 20 10 20 20 20 10 20 10 20 10 20 20 10 10 10 20 10 10 10 10 10 10 10 10 10 10 10 
23 23 23 23 23 23 23 23 23 23 23 23 23 23 23 23 23 23 23 23 23 16 16 16 16 16 16 16 23 23 16 16 23 23 23 23 23 23 23 20 19 20 5 21 1 21 21 21 21 21 21 21 21 21 21 21 21 21 21 21 21 21 21 21 12 12 6 6 6 6 6 10 20 20 5 5 20 5 5 5 23 20 5 23 23 23 23 23 23 23 23 23 23 23 
23 23 20 20 20 20 20 20 20 20 20 20 20 20 20 20 20 20 20 20 20 10 10 23 23 20 20 7 7 16 16 16 16 16 16 16 16 20 1 9 9 9 9 9 9 9 9 9 9 9 9 9 9 9 9 9 9 9 9 9 9 9 18 18 18 18 18 18 18 18 6 6 6 6 6 6 10 10 6 10 10 10 10 10 10 10 10 10 10 10 10 10 10 5 5 20 5 5 5 5 5 5 
23 23 23 23 23 23 23 23 23 23 23 23 23 20 23 23 23 23 23 23 23 7 7 16 23 16 7 7 16 23 20 20 1 1 17 17 17 1 1 1 1 1 21 21 17 17 12 12 12 12 12 12 12 12 12 12 12 6 6 6 6 6 6 6 5 5 5 5 5 5 5 5 5 5 5 5 10 5 5 5 20 20 20 20 20 5 5 5 5 5 
23 23 23 23 23 23 23 23 23 23 23 23 23 23 23 23 23 23 23 23 10 10 19 1 1 1 1 1 1 1 4 4 4 17 17 17 17 17 17 4 17 17 17 12 12 12 12 12 12 12 10 10 10 10 10 10 10 10 10 10 10 5 5 23 5 20 20 5 5 5 23 20 5 23 20 
23 23 23 23 23 23 23 23 23 23 23 23 23 23 23 23 20 20 23 23 23 18 18 18 18 18 18 18 12 12 12 12 12 12 12 12 12 12 12 12 12 12 12 12 21 21 10 10 10 10 10 5 5 5 5 5 5 5 5 6 5 5 5 5 5 5 5 5 5 5 5 
23 23 23 23 23 23 23 23 23 23 23 23 16 16 23 23 23 23 23 23 23 20 1 4 4 4 4 4 4 4 4 4 4 4 4 4 21 21 21 12 12 12 12 12 12 12 12 12 5 5 20 10 10 10 5 5 5 5 5 23 23 23 5 5 23 23 23 23 23 23 23 
23 23 23 23 23 23 23 23 23 23 23 23 16 23 23 23 23 23 23 23 5 14 14 14 14 14 14 14 14 14 14 14 14 14 14 14 18 18 18 18 18 18 18 12 6 10 10 10 6 6 10 5 5 5 5 5 5 5 5 5 5 5 5 5 5 5 5 5 5 10 10 5 5 5 
23 23 23 23 23 23 23 23 23 23 23 23 23 23 23 23 16 23 23 23 20 1 1 1 1 1 1 9 9 9 9 9 9 9 1 1 1 1 1 21 21 21 21 21 17 17 12 12 12 12 12 12 6 6 10 10 10 10 10 10 10 10 5 20 20 23 23 23 23 23 23 23 23 23 23 23 23 23 23 23 
23 23 20 23 23 23 23 23 23 23 20 23 23 20 23 23 23 20 23 16 14 19 14 14 14 14 14 14 14 14 14 14 14 14 14 14 14 14 14 14 14 14 14 14 14 18 18 18 18 18 18 18 18 12 12 12 6 10 10 5 5 5 10 20 10 10 20 10 20 20 5 5 5 5 10 10 5 5 10 10 20 5 20 5 20 
23 23 23 23 23 23 23 23 23 23 23 23 23 23 23 23 23 23 23 23 16 7 16 23 23 23 23 23 23 23 23 23 23 23 23 16 16 16 16 16 23 10 19 10 19 10 18 18 18 18 18 18 18 18 18 18 18 18 18 18 18 18 18 18 18 18 18 12 18 18 18 18 18 12 6 6 5 5 5 5 5 5 6 6 5 6 5 5 5 5 5 5 5 5 5 5 5 23 5 
23 23 23 23 23 23 23 23 23 23 23 23 23 23 23 23 23 23 23 23 23 16 16 23 16 1 1 21 21 21 21 21 21 21 21 21 21 21 21 21 21 21 21 21 12 12 12 12 12 12 12 6 6 10 10 10 10 12 12 6 10 10 10 10 5 10 10 5 5 5 5 5 5 5 5 5 
5 5 5 5 5 5 23 23 23 23 23 23 23 23 23 23 20 23 20 23 23 2 2 7 16 7 16 16 16 16 16 23 23 23 23 23 23 23 23 20 10 10 14 14 14 4 4 4 4 4 4 4 4 18 18 21 21 21 21 12 12 12 12 12 4 18 12 12 12 12 6 10 10 10 10 10 10 6 6 10 10 5 5 6 10 5 6 5 6 5 5 5 5 5 5 5 5 6 
23 23 23 23 23 23 23 23 23 23 23 23 23 23 23 23 23 23 20 20 20 23 16 16 23 23 23 23 23 23 23 23 5 19 21 21 18 18 18 18 18 18 18 18 18 18 18 18 18 18 18 18 18 18 18 18 18 18 18 18 18 18 18 18 18 5 5 5 10 20 20 10 20 10 10 10 10 10 10 10 10 10 10 10 10 10 10 10 5 20 10 20 20 5 5 20 
23 23 23 23 23 23 20 23 23 23 23 23 23 20 20 20 23 23 23 23 23 23 16 16 23 23 23 23 23 10 12 12 19 19 19 19 5 19 19 19 21 21 21 21 21 21 12 12 12 12 12 12 18 12 12 12 18 18 18 18 6 10 10 10 10 10 10 10 10 10 10 10 10 5 5 5 5 5 5 5 5 5 5 5 20 5 5 5 5 
23 23 23 23 23 23 23 23 23 23 23 23 23 23 23 23 23 23 23 23 23 23 14 14 14 14 14 14 14 14 14 14 14 14 14 14 14 14 14 14 14 14 14 14 14 14 14 14 18 18 18 18 18 18 18 18 18 18 18 18 18 18 12 12 12 18 18 18 18 18 18 10 10 10 10 10 10 20 10 20 20 20 20 23 23 23 23 23 23 23 23 23 23 23 
23 23 23 23 23 23 23 23 23 5 23 23 23 23 23 23 23 23 23 23 23 1 1 1 1 1 1 1 1 1 1 1 1 14 1 18 18 18 18 18 18 18 21 21 12 6 6 10 5 5 5 5 5 5 5 14 5 5 5 5 5 5 5 5 5 23 5 5 5 5 5 5 5 5 20 
23 20 20 20 20 20 20 20 20 20 20 20 20 20 20 20 20 23 23 23 23 16 16 16 16 16 16 16 23 23 23 23 23 23 23 23 23 23 23 20 10 1 9 9 9 9 9 9 9 9 9 9 9 9 9 9 9 9 18 18 18 18 1 18 18 18 18 18 12 18 12 12 12 12 12 12 6 6 12 6 6 6 10 10 10 6 10 6 10 6 5 10 10 5 5 5 5 5 5 6 5 5 5 
23 23 23 23 23 23 23 23 23 23 23 23 23 23 23 23 23 23 23 23 23 16 14 23 23 20 23 5 5 23 23 23 23 23 20 20 23 4 4 10 20 1 4 4 18 18 18 18 18 18 18 18 18 18 18 18 18 18 18 12 18 18 6 6 6 6 6 6 18 6 6 10 10 10 10 10 10 10 10 10 10 10 10 10 5 5 5 5 5 5 5 5 5 5 23 5 5 5 5 
23 23 23 5 23 23 23 23 23 23 23 23 23 23 23 23 23 23 23 23 21 21 21 9 9 9 9 9 9 9 21 21 21 21 21 21 21 21 21 21 21 21 21 21 21 21 21 21 21 21 21 12 12 12 21 21 21 5 6 10 10 10 10 10 10 10 10 10 10 10 10 5 5 5 5 5 20 5 5 5 10 
20 20 20 20 20 20 20 20 20 20 20 20 20 23 23 23 23 23 23 23 23 21 21 21 21 21 21 21 1 1 1 1 21 21 21 21 21 21 21 21 21 21 21 18 21 12 6 10 10 10 5 20 20 20 20 20 20 23 5 5 5 5 5 5 5 5 5 5 5 5 5 5 5 5 5 
23 5 5 5 23 23 23 23 23 23 23 23 23 23 23 20 20 23 23 23 5 12 17 17 4 4 4 4 4 4 4 12 12 12 12 12 12 12 12 12 12 12 12 12 12 12 12 12 12 10 10 10 10 10 10 10 10 10 10 10 20 10 10 10 10 10 10 20 20 10 20 10 20 20 
20 20 20 5 5 20 20 20 20 20 20 20 10 6 5 5 5 5 5 5 7 2 2 16 16 16 23 5 19 19 19 19 19 14 14 14 14 14 14 14 14 14 14 14 14 14 14 14 14 18 18 18 18 18 18 18 12 12 12 6 5 5 10 5 6 6 6 6 5 5 5 5 5 5 5 23 23 23 23 23 23 23 23 23 23 23 23 23 
23 23 23 23 23 23 23 23 23 23 23 23 23 23 23 20 23 20 20 20 20 10 12 12 12 12 12 12 12 12 12 12 12 12 12 12 12 12 12 12 12 12 12 12 12 12 12 12 12 12 12 12 12 12 12 6 10 10 10 10 10 10 10 20 20 20 10 20 20 20 20 20 20 20 20 20 23 23 23 23 23 
20 20 23 23 23 23 23 23 23 23 23 23 23 23 23 23 23 23 23 23 12 12 21 21 4 4 18 18 18 18 18 18 18 18 18 18 18 18 18 18 18 18 12 12 12 12 12 12 12 12 12 12 12 12 6 6 6 10 5 5 5 5 5 5 5 5 23 20 5 23 23 23 23 23 23 23 23 23 23 23 
23 23 23 23 23 23 23 23 23 23 23 23 23 23 23 23 23 23 23 23 23 7 16 23 23 23 23 23 23 16 23 23 23 23 20 19 4 4 4 18 18 4 4 4 4 4 12 12 12 12 12 12 12 12 12 12 12 12 12 12 12 12 10 10 10 10 10 10 10 20 20 23 23 23 23 23 23 23 23 23 23 23 23 23 23 23 23 23 
20 5 20 20 20 20 20 20 23 23 23 23 23 23 23 23 23 23 23 23 23 23 20 20 23 23 5 23 23 5 23 20 23 23 23 7 16 23 23 23 23 23 23 23 23 23 23 1 1 1 1 1 21 9 1 1 21 21 21 21 21 21 21 21 21 21 21 21 21 21 21 21 21 21 21 12 12 12 10 10 10 10 10 10 10 10 10 10 10 19 19 10 19 20 23 16 23 23 23 5 23 23 5 23 23 23 23 
23 23 23 23 23 23 23 23 23 23 23 23 23 23 23 16 16 23 23 23 23 14 14 14 14 14 14 14 14 14 14 14 14 14 14 14 14 14 14 14 14 14 18 14 18 18 18 18 18 18 18 18 12 12 12 12 10 10 10 10 10 5 5 20 23 23 23 23 23 23 23 23 23 23 23 23 23 23 23 23 23 23 23 23 
20 20 20 20 20 20 20 20 20 20 20 20 20 20 20 20 20 20 20 23 16 7 23 23 23 7 7 23 16 7 16 6 10 10 1 21 21 21 21 21 21 21 21 21 21 21 21 21 21 21 21 21 12 12 10 10 6 5 5 5 5 5 5 5 23 23 23 5 5 23 23 5 5 5 5 5 5 5 5 5 
