23 23 23 23 23 23 23 23 23 23 23 23 5 5 5 20 20 23 23 23 20 7 7 16 16 23 23 23 23 23 23 16 5 20 23 16 7 2 2 2 2 2 2 2 2 2 2 2 13 13 2 7 5 1 1 4 4 8 8 4 8 8 4 17 17 17 17 17 17 17 4 4 4 4 4 4 4 17 17 17 17 17 6 17 6 6 6 6 6 6 6 6 6 6 5 5 5 5 5 5 5 5 5 5 5 5 5 5 5 5 5 
20 20 20 20 20 20 20 20 20 20 20 20 23 23 23 23 23 23 20 10 23 7 2 13 13 13 13 13 13 13 13 13 13 15 15 15 24 24 24 24 19 19 19 19 19 19 19 19 19 19 19 19 6 6 6 6 6 6 6 6 6 5 5 5 5 5 5 5 5 5 5 5 5 5 5 5 5 5 5 5 5 5 5 5 5 5 23 20 
23 23 23 23 23 23 23 23 23 23 23 23 23 23 23 23 23 23 23 23 23 16 2 2 2 13 13 13 13 13 13 13 2 19 1 1 1 1 1 1 1 1 1 1 1 1 1 1 1 1 10 17 10 1 5 5 6 6 6 6 5 5 6 6 5 5 5 5 5 5 20 23 5 23 23 23 23 20 23 23 23 23 23 23 23 5 5 
23 23 23 23 23 20 23 20 23 20 20 20 10 20 20 20 20 20 20 20 23 7 7 16 16 16 16 23 16 7 23 23 5 16 2 2 13 13 13 13 13 13 13 13 13 13 13 22 15 15 9 9 9 9 9 9 9 9 9 9 9 9 9 9 14 19 9 9 9 9 9 9 1 1 6 6 6 19 6 5 5 5 5 5 5 20 20 5 20 20 5 10 10 10 10 10 10 10 10 10 10 10 10 10 10 10 10 10 10 10 10 
23 23 23 23 23 23 23 23 23 23 23 23 23 23 23 23 23 23 23 23 23 20 16 16 23 23 23 16 23 23 23 23 23 23 16 23 23 23 16 7 2 13 13 13 13 13 13 2 15 1 19 19 1 1 1 1 1 1 1 17 17 17 17 17 17 17 17 17 17 17 17 6 6 6 6 6 6 6 6 6 6 5 5 20 5 5 5 5 5 5 5 5 23 5 23 23 5 23 23 23 23 23 23 23 20 23 23 
23 23 23 23 23 23 23 23 23 23 23 23 23 23 23 23 23 23 23 23 7 16 23 23 23 23 23 23 23 23 23 23 23 23 23 7 2 7 7 2 14 23 16 16 23 23 5 7 7 10 10 10 10 20 16 7 22 13 13 13 13 13 13 13 13 13 13 13 13 2 15 15 19 8 1 1 1 1 1 1 1 1 1 1 17 17 17 17 17 17 17 1 19 19 6 12 12 12 6 6 6 6 6 6 6 6 10 10 10 10 5 5 5 5 5 5 5 5 5 5 5 5 5 5 5 5 5 5 5 
23 23 23 23 23 23 23 23 23 23 7 2 2 13 13 13 13 13 13 13 13 2 19 19 19 19 19 19 4 4 17 17 17 17 17 4 4 4 4 6 6 6 6 6 6 5 5 6 6 6 6 6 6 6 6 5 6 5 5 5 5 5 5 5 5 5 5 5 5 10 
23 23 23 23 23 23 23 23 23 16 23 23 20 20 23 23 23 23 23 23 16 7 7 2 2 2 2 2 2 2 2 2 2 13 15 19 19 19 19 4 4 8 4 4 4 8 8 10 5 19 19 10 8 8 8 8 17 6 6 6 6 6 6 6 6 6 5 5 5 23 23 23 23 20 20 23 23 23 23 23 23 23 23 23 23 23 23 
23 23 23 20 20 20 23 20 10 23 23 20 20 20 20 23 23 23 20 20 16 7 23 23 20 5 23 23 23 23 5 23 5 5 5 5 19 7 16 16 7 7 16 16 16 23 23 23 23 23 23 23 23 23 20 20 23 16 2 2 2 13 13 13 13 13 13 22 15 15 15 15 15 15 15 15 15 15 19 19 19 19 19 19 19 19 19 19 19 6 6 6 6 6 6 6 6 10 6 10 10 20 6 6 6 5 5 5 5 5 5 5 5 5 5 5 5 6 5 5 5 5 5 5 5 5 16 7 5 5 5 5 5 23 20 20 23 20 23 23 23 23 23 23 23 23 23 23 23 23 23 23 5 23 20 23 23 
23 23 23 23 23 23 23 23 23 23 23 23 23 23 23 23 23 23 5 23 23 23 23 16 7 7 2 2 2 2 13 13 13 13 13 13 2 2 2 15 9 9 9 9 9 9 9 9 9 9 9 1 4 19 19 4 1 1 1 1 1 17 17 17 6 6 6 6 6 6 6 6 6 6 6 10 10 10 20 20 10 10 10 10 20 20 5 5 5 5 23 23 5 23 23 23 23 
23 23 23 23 23 23 23 10 10 23 20 20 20 5 19 3 5 5 5 5 23 16 7 2 2 2 2 13 13 13 13 13 13 13 13 13 13 22 15 14 24 14 14 14 14 14 14 14 14 14 14 14 19 19 19 19 14 14 14 14 19 6 6 6 6 6 6 6 6 6 6 6 6 6 5 5 20 20 20 20 20 20 20 20 5 20 20 20 20 20 20 20 20 20 23 20 20 20 5 23 23 23 23 23 23 23 23 23 23 23 23 23 23 23 23 23 23 23 23 23 23 23 23 23 23 23 23 16 7 16 23 23 23 23 16 23 16 16 16 20 23 23 23 23 5 23 23 23 23 23 23 23 23 23 23 23 23 23 23 23 
20 20 20 20 20 20 20 20 20 20 20 20 23 23 23 23 20 23 20 20 23 7 2 2 13 13 13 13 13 13 13 13 13 13 13 13 13 22 22 15 14 19 19 19 19 19 19 19 19 19 19 19 19 14 14 14 14 14 19 19 19 14 14 14 6 6 6 6 6 6 6 6 3 6 5 5 20 20 20 20 20 20 20 20 23 23 23 23 23 23 23 23 23 23 
23 23 23 23 23 23 23 23 23 23 23 23 23 23 23 23 23 23 23 23 23 7 16 23 23 23 23 23 23 23 23 20 20 23 16 7 2 2 13 13 13 13 13 13 13 13 13 2 15 19 19 1 1 1 1 1 1 1 1 1 1 17 10 10 6 6 6 6 6 6 10 6 10 10 10 10 6 20 20 20 20 20 20 20 20 20 10 20 20 20 20 5 20 20 20 20 20 23 23 23 5 
23 20 23 20 20 20 20 20 20 10 20 20 20 20 20 20 20 23 23 20 20 16 16 23 23 23 16 23 20 23 23 7 2 2 2 13 13 13 13 13 13 13 15 19 14 19 14 14 16 19 19 19 19 19 19 19 4 10 10 10 10 19 1 1 9 1 1 6 6 17 17 17 17 12 6 6 6 6 10 10 10 10 10 10 10 10 20 5 5 5 5 5 5 5 5 5 5 5 5 5 5 10 
23 23 23 23 23 20 23 23 23 23 23 23 23 23 23 23 23 23 23 23 16 7 7 2 2 13 13 13 13 13 13 13 22 15 19 24 24 14 14 14 14 14 14 14 19 1 4 4 19 19 19 19 1 1 1 10 6 6 6 6 6 6 6 6 6 6 6 6 5 5 5 5 10 10 5 5 5 5 5 5 5 5 5 5 5 5 5 10 5 10 
23 23 23 23 23 23 23 23 23 5 23 23 23 23 23 23 23 23 23 23 23 7 2 2 13 13 13 13 13 13 13 22 19 24 19 19 19 19 19 19 19 19 5 10 4 1 10 1 1 1 1 8 6 6 6 6 6 6 6 6 6 6 5 20 23 5 10 10 10 20 20 20 10 20 20 5 5 20 5 20 20 20 5 20 23 20 20 5 20 20 5 5 5 20 5 5 
23 23 23 23 23 23 23 23 23 23 23 23 23 23 23 23 23 23 23 23 23 16 7 2 2 2 13 13 13 13 13 13 13 13 13 13 13 13 13 13 15 15 15 15 14 14 14 14 14 14 14 14 14 14 14 14 14 14 14 14 14 14 14 14 24 19 19 5 5 6 6 6 6 6 6 6 6 6 6 6 6 6 6 6 6 6 6 5 20 20 20 20 20 23 23 5 23 23 23 20 23 23 
23 23 20 20 20 20 23 20 23 20 23 23 23 23 23 23 23 23 23 23 20 20 7 16 23 23 16 7 7 2 2 2 13 13 13 13 13 13 2 19 1 19 19 1 1 1 1 1 1 1 1 1 1 17 17 17 17 17 17 17 17 6 6 6 6 6 6 6 6 6 6 6 19 15 5 5 5 5 5 5 5 5 5 5 5 5 5 5 5 5 5 5 5 5 5 5 5 5 5 5 5 5 5 5 
20 23 23 20 20 20 20 20 20 20 20 20 20 23 20 20 23 23 23 23 16 7 16 16 16 23 23 23 23 20 20 20 23 23 16 2 2 2 13 13 13 13 13 13 13 13 13 13 15 15 15 9 9 9 9 9 9 9 1 1 4 4 19 19 19 9 19 1 1 6 6 6 6 6 6 5 5 6 6 6 6 5 5 6 6 5 5 5 5 5 5 5 5 5 5 5 5 5 5 5 5 5 5 5 5 5 5 
23 20 20 23 23 20 23 20 20 20 20 20 23 20 20 20 23 20 23 20 16 7 23 23 23 23 23 23 20 23 23 23 23 20 20 20 20 16 16 19 20 20 19 19 7 7 7 2 2 2 13 13 13 13 13 13 13 13 13 22 7 19 19 19 1 1 1 1 4 21 6 6 19 19 6 4 14 24 6 6 6 6 6 6 6 6 5 16 16 16 16 16 16 16 16 23 23 5 5 5 23 23 23 23 23 23 23 23 23 23 23 23 23 
20 20 20 20 20 20 20 20 20 20 5 20 20 20 5 5 5 23 23 23 23 16 16 7 2 2 2 13 13 13 13 13 13 13 13 13 22 15 19 19 19 19 19 19 19 19 19 19 19 20 10 19 14 14 14 19 1 8 8 8 8 8 17 17 17 17 17 17 17 6 6 6 6 6 6 20 10 10 10 10 10 10 20 10 10 20 10 20 10 20 20 20 5 20 5 5 10 
20 23 23 23 20 23 23 20 23 23 23 23 23 23 23 23 23 23 23 23 16 7 16 20 23 16 23 23 20 20 20 23 23 23 23 20 20 16 7 7 2 2 13 13 13 13 13 13 2 15 19 1 1 1 3 3 3 3 3 1 1 8 1 1 1 1 1 1 1 1 1 1 1 1 6 6 6 6 5 5 5 23 5 5 5 5 5 5 5 5 5 5 5 5 5 5 5 5 5 5 5 5 5 5 
20 20 20 23 23 23 23 23 23 23 23 23 23 23 23 23 23 23 23 23 20 20 23 16 7 7 2 2 2 2 2 2 2 2 7 5 1 1 1 1 1 4 4 4 4 4 17 17 17 10 5 5 5 5 10 17 17 17 17 17 6 6 6 6 6 5 5 5 5 5 5 5 5 5 5 5 5 5 5 5 5 20 23 23 23 23 23 23 23 23 
20 20 20 20 20 20 20 20 20 20 5 20 20 20 23 23 23 23 23 23 23 16 16 16 7 2 2 13 13 13 13 13 13 13 13 13 13 13 13 13 13 22 22 15 19 19 14 14 14 9 9 14 14 9 9 1 6 19 6 6 19 9 9 9 1 6 6 6 6 6 6 6 6 6 6 6 6 6 6 6 6 6 6 6 6 6 6 6 6 5 6 6 10 6 6 5 6 6 5 5 5 5 
23 23 23 23 23 23 23 23 23 23 23 23 16 16 23 23 23 23 23 23 16 7 7 2 2 2 2 2 2 2 2 2 2 7 5 8 17 8 8 8 4 17 17 17 17 17 17 17 10 10 10 10 17 17 17 17 17 17 17 17 17 17 17 6 6 6 6 6 6 6 6 5 23 23 20 20 23 5 5 5 23 23 23 23 23 23 23 23 23 23 23 23 23 
23 23 23 20 23 23 23 23 23 23 23 23 23 23 23 23 23 23 23 20 23 7 2 2 2 13 13 13 13 13 13 2 15 19 1 4 4 4 4 4 4 4 4 4 4 4 17 6 19 19 19 4 17 17 17 17 12 6 6 6 6 6 6 6 6 5 19 5 16 16 16 23 23 23 23 23 23 23 23 23 23 23 23 23 23 23 23 23 23 
23 23 23 23 23 23 20 23 20 23 23 23 23 23 23 23 23 23 23 23 16 7 7 16 23 23 20 23 7 2 2 13 13 13 13 13 13 13 13 13 13 13 13 2 19 1 8 4 4 4 4 4 4 4 4 17 17 17 17 17 19 19 1 1 1 6 6 12 6 6 6 6 6 6 5 20 5 5 5 23 23 20 23 23 23 23 23 23 23 5 23 23 23 23 23 20 
23 23 23 23 23 23 23 23 23 23 23 23 23 23 23 23 23 23 23 23 23 20 23 23 16 23 5 5 5 23 23 16 7 7 2 2 2 13 13 13 13 13 13 13 13 13 13 22 15 19 1 9 9 9 9 9 9 9 9 1 1 1 1 1 19 1 1 1 1 1 9 1 1 1 6 6 6 6 6 6 6 6 6 5 5 5 5 5 5 5 5 10 5 10 10 5 5 5 5 5 5 5 5 5 5 5 5 
23 23 23 23 23 23 23 23 23 23 23 23 23 20 20 23 16 7 2 2 2 2 2 13 13 13 13 13 13 13 2 15 19 24 24 14 14 14 14 14 14 14 19 19 4 17 4 4 4 4 4 24 24 24 24 24 24 24 4 8 8 17 6 6 6 6 6 6 6 6 10 10 20 10 20 20 20 20 20 20 23 23 23 23 23 23 23 23 23 23 23 23 23 23 23 20 
20 20 10 5 10 20 20 20 20 20 5 20 20 20 20 20 5 20 5 5 5 23 23 20 23 16 7 23 23 16 7 2 22 22 13 13 22 2 15 19 1 1 9 1 1 1 1 1 1 1 1 1 19 1 1 1 1 1 6 1 6 6 6 6 10 10 10 5 5 5 6 5 5 6 6 5 5 5 6 6 6 6 6 6 6 6 6 6 6 6 6 6 
