23 23 23 23 23 23 23 23 23 23 23 23 23 23 23 23 23 23 23 16 7 7 16 16 16 16 23 16 7 16 20 10 20 20 20 10 10 10 12 12 17 5 19 25 15 15 2 2 2 2 15 15 1 1 1 3 8 8 8 8 8 8 8 19 17 17 17 17 17 17 17 17 17 17 17 4 4 4 4 4 17 17 17 17 12 12 12 12 12 12 12 12 12 12 6 6 6 10 10 5 5 5 5 5 5 5 5 20 20 5 23 23 23 23 23 23 23 23 23 23 5 5 
23 23 20 20 20 20 20 20 20 20 20 20 20 20 20 20 20 20 20 20 23 16 16 20 20 20 20 20 20 20 20 20 20 5 23 5 5 5 5 6 19 15 22 22 22 22 22 22 22 22 22 22 15 25 25 24 24 24 24 24 24 11 11 11 11 11 11 11 11 11 19 19 19 10 10 10 10 10 10 12 12 6 6 10 10 5 5 5 5 5 5 5 5 5 23 5 5 5 20 5 5 5 5 5 20 5 5 5 5 23 23 
23 23 23 23 23 23 23 23 23 23 23 23 23 20 23 23 23 23 23 5 6 6 5 15 15 22 22 22 22 22 22 22 22 15 15 3 3 3 3 3 3 8 8 8 8 8 17 17 17 4 17 17 17 17 17 17 1 1 1 1 1 6 17 17 10 10 10 5 5 20 20 20 20 20 23 5 5 5 23 5 23 23 20 5 23 23 23 23 23 5 23 20 
23 23 23 23 23 23 23 23 23 23 23 23 23 23 23 23 23 23 23 23 23 19 16 7 7 7 16 16 23 16 7 16 23 23 23 23 5 23 23 16 16 23 23 23 5 22 22 22 22 22 22 22 22 15 15 25 25 25 24 24 24 24 24 9 9 11 11 11 11 11 11 11 9 9 9 9 9 9 9 1 9 1 21 21 21 1 18 19 6 10 19 19 19 19 19 19 5 5 6 5 20 20 10 10 10 20 20 20 20 10 20 20 10 10 20 10 10 20 10 
23 23 23 23 23 23 20 23 20 20 20 20 20 23 23 5 20 23 5 5 5 16 2 22 22 22 22 22 15 15 24 3 3 3 8 24 8 17 17 17 17 17 17 17 17 17 17 17 17 17 17 17 17 17 17 17 17 17 17 17 12 12 12 12 12 6 6 6 6 10 20 20 5 5 5 5 5 5 5 5 5 5 5 5 5 5 5 5 20 20 5 5 5 5 5 5 
20 5 23 20 23 23 23 23 23 23 23 23 23 20 20 20 20 20 23 23 16 19 5 5 15 22 22 22 22 22 22 22 22 22 22 15 19 8 8 8 8 8 8 8 8 17 17 17 17 17 17 17 17 17 17 17 17 17 17 17 17 17 17 4 17 17 17 17 17 10 10 10 10 5 20 20 10 10 10 5 10 10 5 5 5 5 5 23 23 23 5 5 5 5 
23 23 23 23 23 23 23 16 23 23 23 23 23 23 23 20 5 15 22 22 22 22 22 22 22 22 22 22 15 15 19 19 19 19 19 11 11 11 11 11 11 11 11 17 17 12 12 12 12 6 6 10 20 5 6 6 6 6 6 6 6 6 6 6 5 5 6 6 5 5 5 5 5 5 5 5 5 5 5 
23 23 23 23 23 23 23 23 23 23 23 23 23 23 23 23 23 23 23 23 23 23 20 20 23 23 23 23 23 23 23 23 23 23 23 23 16 15 15 15 15 15 22 22 22 15 15 24 3 3 8 8 8 8 8 11 11 11 11 11 11 11 11 11 17 17 17 10 17 17 17 17 17 17 17 12 12 12 10 10 10 20 20 20 23 20 23 23 23 23 23 23 23 23 23 23 23 23 23 23 23 23 23 23 
5 5 5 5 5 5 5 5 5 5 5 5 5 23 23 23 23 23 23 23 23 16 7 16 16 16 16 16 16 16 20 23 23 20 23 23 23 20 5 5 5 5 16 15 22 22 22 22 22 22 22 22 22 15 15 24 24 14 14 14 11 11 11 11 11 11 11 11 11 11 19 11 11 11 11 11 11 11 11 6 6 6 6 5 5 20 5 10 10 20 10 5 10 10 10 10 20 10 10 5 5 5 5 5 6 5 5 5 5 5 
23 23 20 23 23 16 23 16 23 23 23 16 23 23 23 23 5 5 25 25 15 15 15 15 15 22 22 22 22 22 22 15 15 24 24 24 24 24 24 9 9 4 4 11 11 11 11 11 11 11 11 4 4 4 1 17 1 1 4 11 11 12 12 12 12 6 10 10 10 10 10 10 10 10 10 10 5 23 23 5 23 23 23 5 23 23 23 23 23 23 23 23 23 
20 20 20 20 20 20 5 20 23 20 23 23 20 20 23 23 23 23 23 23 16 7 7 5 23 23 23 23 23 23 16 23 23 23 23 5 5 5 5 16 7 2 2 2 22 22 22 22 22 22 22 15 15 24 24 24 24 24 24 24 24 8 11 11 11 11 11 11 11 11 11 11 11 14 14 14 14 14 14 14 14 14 14 14 18 18 18 18 18 12 12 6 6 6 10 10 10 10 10 20 20 5 20 5 5 5 5 10 10 20 20 5 10 20 20 5 5 5 20 5 
23 23 23 23 23 23 23 23 23 23 23 23 23 23 23 23 23 23 23 23 16 16 16 23 23 23 23 23 23 20 23 23 23 23 20 20 20 23 23 23 23 23 23 23 23 23 23 16 16 23 20 19 6 18 25 15 22 22 22 22 22 22 22 22 22 22 22 22 22 22 15 14 19 19 19 19 19 19 8 11 11 11 11 11 11 11 11 11 11 11 11 11 11 11 11 11 11 12 18 18 18 12 12 12 18 18 10 10 20 20 10 10 20 20 20 5 20 23 23 23 23 23 23 23 23 23 23 23 23 23 23 23 23 
23 23 23 23 23 23 23 23 23 23 23 23 23 23 23 23 23 23 5 6 6 6 6 6 19 15 15 22 15 15 15 19 3 3 3 3 3 3 3 8 8 8 17 17 17 17 17 17 17 17 1 17 17 17 10 10 10 17 10 17 17 10 10 10 10 10 10 10 10 10 10 10 20 20 10 5 5 5 5 5 5 5 5 5 5 5 5 5 5 5 
5 23 23 23 23 23 23 23 23 20 23 20 20 20 20 23 20 23 20 23 16 16 23 7 7 20 20 5 23 23 23 23 23 23 23 23 23 5 6 6 5 15 15 22 22 22 22 22 22 22 15 15 24 24 8 8 8 8 11 11 11 11 11 11 11 11 11 11 11 17 17 17 17 17 17 17 21 21 12 12 12 12 6 10 10 10 10 10 10 10 10 20 5 10 10 5 5 5 5 5 5 23 23 5 23 5 5 5 5 5 5 
23 23 23 23 23 23 23 23 23 23 23 23 23 23 23 23 23 23 23 23 23 23 16 16 23 16 7 15 22 15 15 15 15 15 15 15 15 15 15 15 24 3 3 3 8 8 24 8 8 8 8 8 8 8 17 17 1 17 17 17 11 11 11 17 17 17 21 21 12 21 17 10 21 6 17 10 17 10 10 10 10 10 10 10 10 10 10 10 10 10 10 5 10 5 5 5 5 5 20 5 5 5 
20 23 23 23 23 23 20 20 23 23 23 23 23 23 23 23 23 23 23 23 23 16 16 19 19 19 19 15 15 15 22 22 22 15 15 15 24 24 24 24 8 8 8 8 4 4 4 11 11 11 4 4 19 19 19 10 10 21 21 12 4 4 21 10 20 21 10 6 10 10 10 10 10 10 10 10 10 10 10 20 20 20 10 20 5 5 5 5 5 5 5 10 
23 23 23 23 23 23 23 23 23 23 23 23 20 20 20 23 5 16 16 19 25 15 15 22 22 22 22 22 22 22 22 22 15 15 24 24 24 24 24 1 9 11 11 11 11 11 11 11 11 11 11 14 11 11 11 11 14 14 14 14 14 14 1 1 1 1 4 4 18 18 11 18 18 18 18 18 18 14 19 10 10 10 10 10 10 10 20 10 20 20 20 20 20 23 20 23 23 23 23 20 23 20 
20 20 20 20 20 20 20 20 23 5 20 20 20 23 20 20 20 10 20 20 20 20 20 20 20 20 20 20 20 20 20 20 20 20 7 2 7 20 23 16 7 7 16 16 16 23 20 20 20 16 16 23 5 5 16 15 22 22 15 22 15 15 15 25 25 3 3 3 3 8 8 8 17 17 17 17 17 17 17 17 17 17 17 17 17 1 1 1 1 17 17 17 17 21 17 17 21 17 12 6 6 6 5 5 5 5 5 5 5 15 19 5 23 16 16 5 5 5 5 5 5 5 5 5 5 5 5 5 5 5 5 5 5 5 20 5 5 5 5 20 23 5 5 5 
20 20 20 23 23 23 23 23 23 23 23 23 23 23 23 5 23 5 20 23 16 2 2 13 13 13 13 13 13 13 13 22 22 22 15 25 25 25 25 24 24 24 24 11 11 11 11 11 11 11 11 11 11 11 9 1 1 1 9 1 10 10 10 10 10 12 12 12 6 6 6 5 5 5 19 19 19 19 5 5 5 5 6 5 6 6 5 5 5 5 6 6 5 5 6 5 5 6 
23 23 20 20 20 20 20 20 20 20 23 23 23 23 20 20 20 10 20 20 19 19 6 6 19 19 15 15 15 15 22 22 22 22 13 13 13 22 22 15 25 24 3 3 8 8 1 11 17 11 11 11 11 11 11 11 11 4 4 4 4 4 4 18 18 6 6 6 6 6 6 5 19 19 19 15 16 16 16 5 16 5 16 5 23 16 5 5 23 5 5 5 5 5 5 5 5 23 5 5 5 5 23 5 5 5 
5 5 23 5 5 23 23 23 23 23 5 23 23 23 23 23 23 23 23 16 5 5 15 22 22 22 22 22 22 22 22 22 22 22 22 22 15 15 24 3 3 24 19 19 19 19 11 11 11 11 11 11 11 11 11 11 11 11 11 11 11 11 17 17 17 17 21 21 21 21 21 21 12 21 12 12 12 12 10 10 10 10 10 10 10 10 10 10 10 10 10 10 20 20 20 5 5 20 10 5 5 5 5 5 
5 20 23 5 5 20 20 20 23 23 23 23 23 23 23 23 23 23 20 20 5 1 1 5 15 15 22 22 22 22 22 22 22 15 25 3 3 1 8 1 1 1 11 17 11 11 11 11 11 11 11 1 1 17 1 10 10 10 10 10 10 10 10 10 20 20 20 20 5 5 5 5 5 23 5 5 5 5 5 5 23 23 5 5 23 
5 5 6 6 5 5 23 23 23 23 23 23 23 23 23 23 23 5 5 5 5 3 3 25 25 25 15 15 15 15 22 22 22 15 15 24 24 24 24 24 24 3 8 8 8 8 8 17 4 17 17 17 17 17 17 17 17 17 17 17 17 17 12 12 12 12 12 12 12 12 12 10 10 10 10 10 10 10 10 10 10 10 10 10 10 10 10 10 10 10 10 10 10 10 10 20 20 10 
23 20 5 20 23 23 23 23 23 23 23 23 23 20 20 20 23 23 23 5 19 6 6 18 19 15 22 22 22 22 22 22 22 22 22 22 22 22 22 15 25 25 25 25 25 25 25 25 25 25 3 3 8 8 8 17 11 1 8 1 1 1 19 1 1 10 5 10 10 10 10 10 10 10 17 12 6 6 6 6 6 10 5 5 5 5 5 5 5 5 5 5 5 5 23 23 23 23 23 23 23 23 23 23 
23 23 23 23 23 23 23 23 23 23 23 23 23 20 23 23 23 23 5 5 6 5 19 15 15 15 22 22 22 22 22 22 22 22 15 15 19 8 8 8 8 8 8 8 8 8 8 17 17 17 17 17 17 17 17 17 17 17 17 17 17 17 17 17 17 17 17 17 17 17 17 17 17 12 12 12 12 6 10 5 20 20 5 5 5 5 5 5 5 5 5 5 5 5 5 5 5 5 5 5 5 5 5 5 
23 23 23 23 23 23 23 23 23 23 23 23 23 23 23 23 23 23 20 20 20 23 23 20 23 23 23 20 23 20 16 16 5 23 5 5 23 20 23 23 23 5 23 23 23 23 23 23 5 6 19 15 22 22 22 22 22 22 22 22 22 15 15 25 24 8 8 8 17 11 11 17 11 11 11 11 11 11 11 11 11 11 4 4 12 12 12 12 12 18 18 12 12 12 12 12 12 6 5 10 5 5 5 5 20 5 5 5 23 23 23 23 23 23 23 23 23 23 23 23 23 23 23 23 23 
20 20 20 20 23 23 23 23 23 20 20 23 23 23 23 23 23 23 23 5 5 22 22 22 22 22 22 22 22 22 22 15 25 3 3 3 3 3 8 8 8 6 6 6 11 11 11 11 17 17 17 11 11 17 12 12 12 12 12 12 12 12 6 10 10 10 20 20 20 20 23 23 23 20 23 23 23 23 23 23 23 23 23 23 23 23 23 23 
23 20 20 23 23 16 23 20 23 23 23 20 23 20 20 20 23 5 23 5 6 19 15 6 19 15 15 22 22 22 22 22 22 22 22 22 22 22 15 3 3 3 3 3 3 3 3 1 1 1 1 11 11 11 11 11 11 1 1 1 1 4 17 1 1 17 17 17 17 17 11 11 12 12 10 10 10 10 5 5 5 5 5 5 5 10 10 5 5 5 5 5 5 5 5 5 5 5 5 5 5 5 
23 23 23 23 23 23 23 23 23 23 23 23 23 23 23 23 23 23 20 20 6 6 6 6 19 15 15 15 22 22 22 22 22 22 22 15 15 25 24 24 24 24 24 24 24 8 8 8 4 4 4 4 4 4 14 14 14 14 4 4 14 14 4 4 4 4 4 4 4 4 4 4 12 12 12 12 12 12 12 10 10 10 10 10 10 10 10 10 5 5 10 20 20 5 23 23 23 23 23 23 23 23 23 23 23 23 23 
20 20 20 20 20 23 20 20 20 20 20 20 20 20 20 20 20 20 20 20 5 16 16 16 23 23 20 20 23 5 20 5 19 19 6 6 25 15 15 15 15 15 15 25 3 3 3 8 8 8 8 8 17 17 17 17 17 4 4 4 4 4 4 4 21 21 21 21 21 10 10 10 10 10 10 5 5 5 5 5 5 5 5 5 5 5 5 5 5 5 5 5 5 5 5 5 5 5 
