23 20 23 23 23 23 23 23 23 23 23 23 23 23 23 23 23 23 23 23 16 16 23 23 23 16 20 5 5 7 16 23 23 23 23 23 7 7 19 10 12 12 12 12 12 12 12 12 12 12 12 12 12 12 12 12 12 11 11 11 11 11 11 11 11 11 11 11 11 11 11 11 11 10 10 10 10 10 10 10 20 5 20 5 5 23 23 23 23 23 23 23 23 23 23 23 23 23 23 23 20 
20 20 20 20 20 20 20 20 20 20 20 20 20 20 20 20 20 20 20 20 20 16 16 23 23 23 23 20 20 16 7 7 7 7 7 7 2 7 15 15 14 14 14 14 14 14 18 18 18 18 18 18 18 11 11 11 11 11 11 11 11 11 11 11 19 19 16 16 16 16 20 20 20 20 20 20 20 20 20 20 20 20 20 20 10 10 20 5 5 20 20 5 5 5 23 23 23 23 23 
23 23 23 23 23 23 20 20 20 20 20 23 23 23 23 23 23 23 16 16 7 7 7 7 7 7 7 16 10 21 21 21 21 21 21 21 21 21 21 21 21 21 21 21 21 21 21 12 17 17 11 10 10 10 17 10 10 10 10 10 10 10 10 10 10 10 10 20 20 20 20 20 23 20 23 23 23 23 23 23 23 23 23 
23 23 23 23 23 23 23 23 23 23 23 23 23 23 23 23 23 23 20 20 7 2 7 16 16 16 16 7 7 16 7 16 23 23 23 5 5 20 5 19 19 14 15 15 15 15 15 15 15 15 15 15 18 18 18 18 18 18 18 18 18 18 18 18 18 18 18 18 18 18 18 18 4 11 11 11 11 11 11 11 11 11 19 19 19 19 10 20 10 10 20 10 10 10 10 10 10 10 5 5 5 20 20 5 5 23 23 20 20 23 23 5 5 5 23 20 
20 23 23 23 23 23 23 23 23 23 23 23 23 20 23 23 23 23 23 23 16 7 7 23 16 16 23 16 23 20 19 20 20 20 16 20 20 20 19 16 16 7 7 7 7 7 7 7 7 19 12 12 12 12 12 12 12 12 12 12 12 12 12 12 12 12 17 17 17 17 17 10 10 5 5 5 5 6 6 5 5 5 5 5 5 5 5 5 5 5 5 5 23 5 5 5 5 5 5 5 5 
23 23 23 23 23 5 5 23 5 5 20 20 5 5 20 20 19 20 19 16 16 7 7 7 7 7 7 7 7 15 15 18 17 12 12 12 12 12 12 12 12 12 12 12 12 12 12 12 12 12 12 17 17 17 17 17 17 10 10 10 10 10 10 10 10 10 10 5 5 5 5 5 5 5 5 5 5 5 5 5 5 5 5 5 
23 23 23 23 16 23 23 23 23 23 23 23 23 23 23 23 23 20 16 7 2 2 15 18 12 12 12 12 12 12 12 12 12 12 12 12 12 11 11 11 11 11 11 11 11 10 10 20 20 20 5 5 5 5 5 5 5 5 5 5 5 5 5 5 23 23 23 23 5 23 23 5 23 23 
23 23 23 23 23 23 16 23 23 23 23 23 23 23 23 23 16 16 16 7 7 7 7 16 7 7 7 18 12 12 12 12 12 12 12 12 12 12 12 12 12 12 12 12 17 17 17 17 11 11 11 11 11 11 11 11 10 10 20 20 20 20 20 23 23 23 23 23 23 23 23 23 23 23 23 23 23 23 23 23 23 23 20 
20 20 23 23 20 20 20 20 20 20 20 20 20 20 23 20 23 16 16 23 23 23 23 23 16 23 23 20 5 16 23 7 16 20 20 20 20 20 23 20 20 23 20 23 20 10 10 23 23 23 23 23 23 23 23 23 23 23 20 23 16 7 7 7 15 15 18 18 18 18 18 18 18 18 18 18 18 18 18 12 12 11 11 11 11 11 11 11 11 10 10 10 10 10 10 10 10 5 5 5 5 5 5 5 5 5 5 5 23 5 5 5 5 5 5 5 5 
10 10 20 20 20 23 16 19 19 7 7 7 7 7 7 7 7 7 7 14 14 14 18 4 4 4 4 4 12 12 12 12 12 12 4 4 4 4 4 12 4 4 4 11 11 11 11 11 11 11 11 11 11 11 11 11 11 10 10 10 10 10 10 10 20 20 23 23 23 23 23 23 23 23 23 23 23 23 23 23 
23 23 23 23 20 20 23 23 23 23 23 23 23 23 23 23 16 19 5 23 16 7 7 15 18 18 18 18 18 18 18 18 18 18 18 18 18 18 18 18 18 18 18 11 11 11 11 11 11 11 11 11 11 10 10 10 20 20 10 10 10 10 10 5 20 5 20 20 20 20 20 20 20 20 20 20 20 20 20 20 20 5 5 
23 20 20 23 23 23 23 23 23 23 23 23 23 23 23 23 20 23 20 20 16 7 7 7 2 2 2 2 2 2 2 2 15 15 18 18 18 18 18 18 18 18 18 18 18 18 12 12 12 12 12 11 11 11 11 11 11 11 11 11 11 10 10 11 10 10 10 10 10 10 10 20 20 20 23 23 23 23 23 23 23 23 23 23 23 23 23 23 23 
23 23 23 23 23 23 23 20 20 23 23 23 23 23 23 23 23 23 23 23 23 16 7 7 7 7 16 10 21 21 21 21 21 21 21 21 21 21 21 12 12 12 12 12 12 12 12 12 12 17 17 17 10 10 10 10 20 20 20 20 20 20 20 20 20 20 10 5 5 5 5 5 5 5 5 5 23 5 
23 20 20 20 20 23 23 23 20 23 20 20 23 23 23 20 23 20 20 20 23 7 23 23 23 23 23 23 23 20 5 5 16 16 7 7 7 7 7 7 7 18 18 18 18 18 18 18 18 18 18 18 18 18 18 18 18 18 18 18 11 11 11 11 11 11 11 11 11 11 11 11 11 10 10 10 10 10 10 10 20 10 10 10 10 20 5 10 5 20 20 20 23 20 5 20 5 5 5 5 5 
23 23 23 23 23 23 23 23 5 5 23 20 20 20 23 16 16 16 16 16 16 7 15 14 14 14 14 19 18 18 18 18 18 18 18 18 18 18 21 18 21 12 18 18 21 21 18 18 18 11 11 11 11 11 11 11 11 1 11 11 11 11 10 10 10 10 10 10 10 10 10 10 10 10 10 20 10 10 10 10 10 10 10 10 10 10 5 5 10 10 10 20 
23 23 23 23 23 23 23 23 23 23 23 23 23 23 23 23 23 23 23 16 16 7 7 7 7 7 7 7 19 12 12 12 12 12 12 12 12 12 12 12 12 12 12 4 4 4 4 11 11 17 11 11 11 11 11 10 10 20 20 20 10 10 10 10 10 10 10 10 10 10 10 10 10 10 10 10 10 10 10 20 20 20 5 5 10 
23 23 23 23 23 23 23 23 23 23 23 23 23 23 23 23 23 23 23 20 16 16 7 7 7 7 7 7 7 7 7 7 7 7 7 18 18 18 18 18 14 18 18 14 14 14 18 14 14 14 14 18 18 18 18 18 18 18 14 14 14 14 11 11 11 11 11 11 11 11 11 11 11 11 11 11 10 10 10 10 20 20 20 20 20 20 20 20 20 20 20 20 20 20 20 20 20 20 20 23 23 23 
23 20 23 23 23 23 23 5 5 5 20 20 23 20 20 5 23 23 23 23 23 23 23 23 23 23 7 2 16 16 5 23 16 16 7 7 19 18 18 21 21 18 21 21 21 21 21 21 21 21 21 21 21 12 12 12 12 11 11 11 11 11 11 10 10 10 10 10 10 10 10 20 19 14 10 10 5 5 5 5 5 5 5 5 23 5 5 20 23 5 5 23 23 
23 23 23 23 23 23 23 23 23 23 23 23 23 23 23 23 23 23 23 23 23 16 16 23 20 20 23 23 23 23 19 16 16 7 7 7 7 7 7 7 7 7 7 7 7 18 18 18 18 18 18 18 18 18 18 18 18 18 18 18 18 18 18 18 11 11 11 11 11 11 11 11 11 11 11 11 11 11 11 11 11 11 10 10 10 5 5 5 5 5 5 5 5 5 5 5 5 5 5 5 6 5 5 5 5 5 5 5 5 5 5 
23 23 23 23 23 23 23 23 23 23 23 23 23 23 23 23 23 23 23 23 23 2 2 7 16 19 5 23 23 23 16 16 19 5 5 20 16 7 7 7 2 7 7 2 7 7 7 15 15 12 12 12 12 12 12 12 12 12 12 12 12 11 11 11 11 11 11 10 17 17 17 17 12 6 6 6 5 5 5 7 7 5 23 23 20 23 23 23 23 23 23 23 23 23 23 23 23 23 23 23 23 23 23 23 23 23 23 23 23 23 23 
23 23 23 23 23 23 5 23 23 23 23 23 23 23 23 5 5 23 23 23 7 7 7 7 7 7 7 7 7 2 7 15 18 21 21 21 21 21 18 12 12 12 21 21 21 21 21 21 12 12 12 21 21 21 21 17 17 17 17 17 17 17 11 17 17 17 11 11 11 17 10 10 10 10 10 10 10 10 23 20 10 10 10 20 10 10 5 5 20 20 20 5 5 10 10 10 5 5 10 
23 23 23 5 23 23 23 23 20 20 20 23 23 23 23 23 23 23 23 23 20 7 7 7 14 18 12 12 12 12 12 21 12 12 12 12 12 12 11 11 11 11 11 11 11 11 11 11 11 11 11 11 10 10 10 10 10 10 10 20 20 20 20 20 23 23 20 23 23 23 23 23 23 23 23 23 23 23 23 
23 23 23 23 23 23 23 23 23 23 23 23 23 23 23 23 23 20 20 20 23 16 16 7 7 7 7 7 7 7 7 16 18 12 12 12 12 12 12 12 12 12 12 12 12 12 12 12 12 12 12 12 12 12 12 12 11 11 11 11 11 11 11 11 11 17 10 10 10 10 10 10 10 10 10 10 10 10 10 10 10 10 20 20 20 20 20 20 20 20 20 20 
20 20 23 23 23 20 20 20 23 20 20 20 20 7 7 7 20 20 20 20 23 20 23 7 7 23 16 20 20 20 20 20 16 16 20 20 20 20 20 20 20 20 20 20 20 20 23 5 23 23 20 23 23 23 16 16 7 7 7 19 18 21 18 18 18 18 18 18 18 18 18 18 18 18 18 18 18 18 18 18 18 11 11 11 11 11 11 11 11 11 11 10 6 6 6 10 6 6 6 6 6 6 6 6 6 6 6 6 6 6 6 6 6 6 6 6 6 6 5 6 
20 23 23 23 23 23 23 23 23 23 23 20 20 20 20 23 20 23 16 16 16 16 16 16 16 20 12 12 12 12 12 12 12 12 12 12 12 12 12 12 12 12 12 12 12 12 12 12 12 12 12 17 17 17 17 17 17 17 10 10 10 10 10 10 10 20 20 20 23 23 23 23 23 23 23 23 23 23 20 20 23 23 23 23 23 23 23 
20 23 23 23 23 23 23 23 23 23 23 23 23 23 23 23 20 20 20 19 16 7 7 7 7 7 7 15 15 18 18 12 18 18 18 12 12 12 12 12 12 12 12 12 12 12 12 12 12 12 12 12 11 11 11 11 11 11 11 11 10 5 19 19 5 5 5 5 5 5 23 23 5 23 20 23 20 23 23 23 23 23 23 23 23 23 23 23 23 
23 23 23 23 23 23 23 23 23 23 23 23 23 23 23 23 23 23 23 23 23 23 5 23 23 23 23 23 23 23 23 16 16 23 23 23 16 16 16 16 7 15 18 18 18 18 18 12 12 12 12 12 12 12 12 12 12 4 4 11 17 12 12 11 11 11 10 10 10 10 20 20 23 23 23 23 23 23 23 23 23 23 23 23 23 23 23 23 23 23 23 23 
23 23 23 5 23 23 23 23 23 23 23 23 23 23 23 23 23 23 23 23 23 23 23 23 10 5 5 5 5 20 20 23 23 16 16 16 16 7 7 7 7 7 7 7 15 15 19 18 18 18 18 18 18 18 18 18 18 21 21 21 21 21 21 21 4 4 11 11 11 11 11 11 11 11 11 11 11 11 10 10 10 20 20 20 20 20 10 10 10 10 20 10 10 5 5 5 5 5 5 5 5 5 5 5 
23 23 23 23 23 23 23 23 23 23 23 20 16 7 7 7 7 7 7 2 2 7 15 18 18 18 18 18 18 18 18 18 18 18 18 18 18 18 18 14 14 14 14 14 14 11 11 11 11 11 11 11 11 10 10 10 10 10 10 10 20 5 5 23 23 23 23 23 23 5 23 23 23 23 23 23 23 23 23 23 23 23 23 
20 20 20 23 20 5 5 20 5 20 5 5 20 20 20 20 5 20 20 20 5 14 5 5 23 23 23 20 19 5 20 20 5 10 20 16 7 7 7 18 21 18 18 21 21 21 21 21 21 21 21 21 21 21 17 17 17 17 17 17 10 10 10 10 10 5 5 5 5 23 5 23 23 23 23 23 23 23 23 23 23 23 23 23 23 23 20 20 23 23 
