23 23 23 23 23 23 23 23 23 23 23 23 23 23 23 23 23 23 23 23 23 16 23 23 16 16 20 20 20 10 10 10 10 6 12 12 12 12 12 12 12 12 12 12 12 12 12 12 12 12 12 21 21 4 4 4 4 4 4 4 4 4 1 10 17 17 17 17 17 17 6 6 6 6 6 6 6 6 6 6 6 5 5 5 5 5 20 23 23 23 23 23 23 23 23 5 5 5 
20 20 20 20 20 20 10 10 10 20 20 20 23 23 23 20 23 5 5 5 12 12 12 18 18 18 18 18 18 18 18 14 14 14 14 14 14 14 14 14 14 19 19 5 5 5 19 19 6 6 6 19 19 19 19 19 5 20 20 20 20 10 10 20 5 5 5 5 5 5 5 5 5 5 5 5 5 23 23 5 23 23 5 23 23 
23 23 23 23 23 23 23 23 23 23 23 23 23 23 23 23 23 23 23 5 6 12 12 21 21 21 21 21 21 21 21 21 21 21 21 21 21 1 1 1 1 1 1 1 1 1 19 19 6 6 6 6 6 6 6 6 6 5 20 20 20 20 20 20 20 20 20 20 20 20 5 20 20 20 20 5 23 20 
20 20 23 23 20 20 20 20 20 20 20 23 5 5 23 23 23 20 20 20 16 7 16 16 7 16 7 7 16 23 23 16 16 23 20 6 6 10 6 6 12 12 18 18 12 18 18 18 18 18 18 9 9 9 9 9 9 9 9 9 9 9 9 9 9 9 9 9 9 1 6 6 6 6 6 6 6 6 6 6 6 6 5 5 5 5 5 5 5 5 5 5 5 5 5 5 10 10 5 5 5 5 5 5 5 5 5 5 
23 23 23 23 23 23 23 23 23 23 23 23 23 23 23 23 23 23 23 23 16 7 16 16 16 7 16 16 20 20 20 20 19 19 5 6 12 12 12 12 12 12 12 12 12 12 21 21 21 21 21 21 4 4 4 4 4 1 17 6 6 6 6 6 6 6 1 1 6 6 6 10 10 10 10 20 20 10 20 16 10 5 5 5 5 5 5 23 5 5 5 5 5 5 5 23 5 5 10 10 5 5 5 5 5 5 5 5 5 5 
10 10 10 20 20 20 5 20 20 20 20 20 5 5 20 23 5 20 20 5 6 12 12 12 12 12 12 12 12 12 12 12 12 12 12 4 17 4 4 17 17 17 1 17 17 6 6 6 6 6 6 6 6 6 6 5 5 5 10 5 5 5 5 5 5 5 5 5 5 5 23 23 5 20 5 5 5 5 23 16 23 5 5 23 5 23 5 23 23 23 23 23 23 23 23 23 23 23 23 23 23 23 23 23 23 23 23 7 7 19 20 23 23 23 16 23 16 16 23 23 23 23 23 16 23 23 23 23 23 20 5 23 23 20 20 5 5 5 5 
23 23 23 23 23 23 23 23 23 23 23 23 23 23 23 23 23 20 20 5 6 12 12 12 12 12 12 12 4 4 21 4 4 4 4 4 4 4 4 4 4 17 6 6 6 6 6 6 6 6 5 5 6 6 6 6 5 6 6 6 5 5 5 5 5 5 5 5 23 23 5 23 23 23 5 5 
23 23 23 23 23 23 23 23 23 23 23 23 23 23 23 23 23 23 23 23 23 16 7 23 23 23 23 16 16 23 23 23 23 23 20 6 12 12 12 12 12 12 12 12 21 18 18 4 4 4 4 4 4 4 4 4 4 1 10 17 17 6 6 6 6 6 6 6 6 6 5 5 23 20 20 23 23 23 23 23 23 23 23 23 23 23 23 23 23 23 23 23 23 
23 23 23 23 23 23 23 23 23 23 23 23 23 20 5 20 5 5 5 5 6 6 12 18 18 18 18 18 14 14 14 14 14 14 14 14 14 14 14 14 19 19 19 19 6 6 6 6 6 6 6 6 6 6 5 5 5 5 5 6 6 6 5 6 6 6 5 6 5 5 5 5 5 5 5 5 5 5 5 5 19 5 1 10 10 5 5 5 5 5 5 23 23 23 5 5 5 5 5 5 5 5 5 5 5 5 5 23 23 5 5 5 
23 23 23 23 23 23 23 23 23 23 23 23 23 23 20 20 23 5 5 5 6 6 12 12 12 12 12 12 12 21 4 4 4 4 4 4 4 4 4 9 4 1 1 1 1 1 6 6 6 6 6 6 6 6 6 6 6 6 6 5 5 10 20 20 20 23 23 23 16 16 23 23 23 23 23 23 23 23 23 23 
23 23 23 23 23 23 23 23 23 23 23 23 23 23 23 23 23 23 23 23 23 16 16 23 23 20 20 20 20 20 5 6 6 6 6 12 12 12 12 12 12 21 21 21 18 21 21 18 18 18 18 4 18 14 14 14 14 14 14 14 19 19 6 6 6 6 6 6 6 6 6 6 5 20 20 20 20 20 20 20 20 20 20 20 20 20 20 10 20 5 5 10 10 10 5 5 5 5 5 
23 23 23 23 23 23 23 23 23 23 23 23 23 23 23 23 23 23 23 23 20 20 23 16 16 23 16 23 23 23 5 12 12 12 12 12 12 12 12 12 12 12 18 18 18 18 18 18 18 18 18 18 18 18 18 18 18 11 11 11 11 11 11 11 4 4 17 12 6 18 6 6 6 6 6 6 6 6 6 20 20 20 20 20 20 20 20 20 23 23 5 5 23 23 23 23 23 23 23 
23 23 23 23 23 23 23 23 23 23 23 23 20 20 20 23 20 23 5 5 18 6 6 21 21 21 18 18 18 21 18 18 18 18 18 18 18 18 18 18 18 11 10 10 10 19 10 1 1 6 6 6 6 6 6 6 6 6 6 6 6 6 5 5 10 10 20 20 10 20 10 10 10 10 20 10 10 5 5 5 5 5 5 5 
20 20 20 20 23 23 23 23 23 23 23 23 23 23 23 23 23 23 23 23 5 12 6 6 18 21 21 21 21 21 21 18 18 18 18 18 11 11 11 11 11 11 11 14 14 14 19 11 11 17 17 17 17 17 17 12 12 6 8 3 10 10 10 20 20 20 20 20 10 20 20 20 20 5 5 5 5 5 5 5 5 5 23 5 5 
20 20 20 20 23 16 20 20 23 16 23 23 20 20 5 23 20 5 5 5 5 21 21 21 21 21 18 21 21 18 18 18 18 18 18 18 4 4 4 4 4 14 24 24 4 8 8 8 8 6 6 6 6 6 6 6 6 6 5 5 5 1 23 23 20 10 10 10 10 10 10 10 10 10 10 10 10 10 10 10 10 10 10 10 10 10 10 10 10 10 10 10 
20 20 20 20 20 20 20 20 20 20 23 23 20 23 23 23 23 20 5 5 6 12 12 6 6 12 12 12 18 18 18 18 18 4 4 4 14 14 14 19 19 8 8 8 8 6 6 6 6 6 6 6 6 6 10 10 10 20 20 20 20 20 20 20 20 10 20 20 20 20 10 20 20 20 20 5 5 10 
23 23 23 23 23 23 23 20 23 23 23 23 23 23 23 23 20 23 5 5 6 12 12 12 12 12 12 12 18 18 18 18 18 18 18 14 14 14 14 14 14 14 14 14 14 14 14 14 14 14 24 19 19 3 1 6 6 6 6 6 6 6 6 6 6 6 6 6 6 5 5 5 5 5 5 23 23 23 23 23 23 23 23 5 5 20 20 23 23 23 23 5 5 5 5 23 5 
20 23 23 23 23 20 5 5 23 23 23 23 23 23 23 20 20 5 5 5 6 6 6 21 21 21 6 18 18 21 21 18 18 18 18 18 9 18 4 4 1 1 6 6 6 6 6 6 6 6 6 6 6 19 5 5 5 5 5 5 5 5 5 5 20 20 20 20 20 20 20 20 20 20 20 20 20 20 20 5 
23 23 23 23 23 23 23 23 23 23 23 23 23 20 20 20 20 23 23 23 16 16 23 23 23 23 23 23 23 23 23 23 16 23 23 23 23 23 23 23 5 6 12 12 12 12 18 18 18 18 18 18 9 9 9 9 9 9 9 9 9 3 6 6 6 6 6 6 6 6 6 6 6 6 6 6 6 5 5 5 5 5 6 5 5 5 5 5 5 5 5 5 5 5 5 5 5 5 6 5 5 5 5 
5 5 5 5 23 5 5 5 23 23 23 23 23 23 23 20 23 23 20 20 5 6 6 6 6 6 6 6 18 18 18 18 18 18 18 18 1 14 14 14 4 6 6 6 6 6 6 6 6 5 19 16 16 16 5 10 10 10 10 6 6 5 5 5 5 5 5 5 5 23 23 23 23 23 23 23 23 23 23 23 23 23 23 23 
23 23 23 23 23 23 23 23 23 23 23 23 23 23 23 23 23 23 5 5 12 12 12 12 21 21 21 21 21 21 21 21 21 21 21 21 9 1 1 1 1 1 20 1 8 8 8 8 17 17 6 6 6 6 6 6 6 6 6 6 6 6 6 10 10 10 10 10 10 10 10 5 5 5 20 23 5 5 5 5 
23 23 23 23 23 23 23 23 23 23 23 23 23 23 23 23 23 23 23 23 20 19 20 20 20 20 20 20 20 20 20 20 20 23 23 5 5 5 5 6 21 12 21 12 18 21 21 21 21 21 1 1 1 1 1 1 1 1 8 1 1 1 6 6 6 6 6 5 5 5 5 5 5 5 23 5 5 5 5 5 5 5 5 5 5 20 20 5 5 5 23 23 23 23 
23 23 23 23 23 23 23 23 23 23 23 23 23 23 23 23 23 23 5 5 6 12 12 12 12 12 12 12 12 12 12 12 12 12 4 4 17 4 4 4 4 17 17 17 17 17 17 6 6 6 6 6 6 6 5 5 5 5 5 23 23 23 20 20 23 23 5 23 23 23 23 23 23 23 23 23 23 23 23 
20 20 20 20 20 20 20 20 20 20 20 20 20 20 20 20 20 16 23 23 23 16 16 23 23 23 23 23 23 23 23 23 5 5 6 6 21 21 12 18 18 18 18 18 18 18 18 18 18 18 18 18 18 18 14 14 18 14 14 14 14 14 19 19 19 6 6 6 6 6 6 6 19 6 8 19 5 5 10 10 10 10 10 10 10 5 5 20 5 5 5 5 5 5 5 20 20 20 5 5 5 23 5 20 5 5 
23 23 23 23 23 23 23 23 23 23 23 23 23 23 23 23 23 23 23 23 5 6 17 17 17 12 12 12 12 12 12 12 12 12 12 4 4 4 4 4 4 4 4 4 4 4 4 4 4 8 17 6 3 17 17 17 6 6 6 6 6 6 6 6 6 5 20 20 5 20 20 20 20 20 20 23 16 23 23 23 23 23 23 23 
20 20 20 23 23 20 23 23 23 23 23 23 23 23 23 20 20 23 5 6 12 12 12 12 12 12 12 12 12 12 12 18 18 18 14 4 4 4 4 4 4 4 4 4 17 6 12 12 12 12 12 6 6 6 6 6 6 6 6 5 5 5 5 5 23 23 5 5 23 5 5 20 23 23 23 20 20 5 5 23 
23 23 23 23 23 23 23 23 23 23 23 23 23 23 23 23 23 23 23 16 16 7 7 23 7 7 23 16 16 16 20 23 16 16 20 20 5 20 5 6 12 12 12 12 12 12 21 21 21 21 4 4 4 4 4 4 1 1 8 19 6 6 6 6 6 6 6 6 5 5 20 23 5 23 23 16 23 23 5 5 23 23 5 5 5 23 23 5 5 23 23 5 
23 23 23 23 23 23 23 20 23 23 23 23 23 23 23 23 23 23 23 23 23 20 23 20 23 23 23 20 20 20 10 20 5 20 20 20 20 20 20 20 20 10 10 18 12 12 12 12 12 21 21 21 21 21 21 21 21 21 21 21 21 9 9 21 21 21 21 1 4 1 1 1 17 6 6 6 6 6 6 6 6 5 5 5 5 5 5 5 20 20 10 10 5 5 5 20 5 5 5 5 5 23 23 5 5 5 5 5 5 5 5 5 
16 23 23 16 23 23 23 23 23 23 23 23 20 20 5 5 5 5 5 5 6 18 18 18 18 18 18 18 18 18 18 18 18 18 18 18 18 14 14 14 14 9 9 9 9 9 9 14 14 24 24 24 24 8 6 6 6 6 6 6 6 6 6 6 6 6 3 6 6 6 5 10 10 10 10 10 10 20 20 20 23 23 23 23 23 23 23 16 23 23 23 23 23 23 23 23 23 
20 23 5 5 23 23 23 20 20 23 23 23 23 23 23 20 23 10 10 20 20 20 20 23 23 23 23 23 20 5 23 23 10 12 21 21 21 21 21 21 21 21 21 21 21 21 21 21 1 1 1 1 1 6 6 6 6 6 6 6 10 5 10 6 5 5 5 5 5 5 5 5 5 5 5 5 5 5 5 5 5 5 5 5 
