31 31 32 26 26 32 32 32 3 32 32 32 32 35 32 32 32 26 26 26 26 26 32 32 32 32 32 32 3 3 3 3 32 35 3 3 3 3 3 22 29 29 22 22 32 26 32 32 26 26 26 5 46 36 36 44 44 36 5 20 20 20 20 20 20 20 5 19 19 19 19 19 40 40 40 1 40 10 1 1 25 25 25 25 24 35 35 35 35 35 42 42 26 27 26 26 26 35 33 33 42 32 32 35 35 35 35 35 47 47 
31 31 33 26 29 22 43 3 32 29 3 32 3 3 3 3 3 32 32 3 30 44 44 44 44 44 44 44 44 44 44 44 44 44 44 44 44 44 44 44 44 44 44 44 44 1 1 1 1 10 1 19 10 10 10 27 27 10 27 27 27 27 27 27 27 27 27 27 33 26 33 33 26 32 26 26 33 33 33 33 32 32 47 47 
31 31 3 3 3 3 3 3 3 3 3 3 3 3 3 3 3 3 3 3 3 22 29 32 33 3 3 3 3 22 3 3 3 3 3 3 32 3 32 33 32 33 12 41 40 12 41 41 41 41 41 41 41 40 40 40 40 40 40 40 40 40 40 40 40 40 1 1 25 24 24 35 24 24 35 35 35 35 35 35 35 35 35 33 32 3 35 3 35 35 35 35 35 32 32 47 47 47 
31 31 31 3 3 3 3 32 32 32 3 3 32 3 3 32 3 3 32 31 31 29 14 4 4 4 29 47 29 3 3 3 3 3 3 42 30 30 30 30 30 30 30 30 30 30 30 30 30 10 10 10 25 25 27 27 27 27 33 33 27 33 33 33 33 33 33 33 33 33 33 33 33 33 35 35 35 32 35 35 47 47 47 
31 31 31 3 32 32 3 3 3 3 32 33 32 3 3 3 3 3 47 35 27 15 44 44 44 44 44 44 44 44 19 19 19 19 19 19 19 19 19 19 19 19 19 19 19 19 19 19 10 19 10 10 10 10 27 27 33 27 26 26 26 26 26 26 33 33 33 33 33 35 33 33 33 35 33 35 35 47 47 
31 31 32 32 3 32 32 3 3 3 26 26 26 32 26 3 43 3 3 3 32 30 30 12 41 41 41 41 20 20 20 20 20 20 20 20 20 20 20 20 20 20 20 20 19 19 19 19 40 40 40 40 40 10 27 27 27 27 27 27 27 27 27 27 27 27 33 33 33 33 33 33 35 35 33 33 33 33 33 33 24 33 47 
31 31 3 3 32 32 32 3 32 3 3 31 3 43 13 3 3 3 3 3 3 3 32 32 32 32 32 32 32 3 3 26 26 32 32 32 32 32 32 32 32 3 32 22 22 32 3 32 32 32 3 32 3 3 3 22 22 31 31 3 13 43 43 43 3 3 32 3 3 33 10 9 10 10 10 10 10 10 10 10 10 10 10 10 40 10 10 40 40 40 1 40 1 40 40 25 25 25 25 34 25 34 42 42 33 33 33 33 33 24 24 24 24 24 24 24 24 24 24 24 24 35 24 24 
31 31 32 32 22 22 22 32 32 3 32 26 26 3 32 32 31 31 31 4 29 29 22 43 43 22 43 43 32 26 26 3 3 3 3 27 30 30 30 30 17 17 23 23 23 23 23 19 19 19 19 40 19 19 19 40 1 19 19 19 10 25 25 27 27 26 26 27 26 27 27 27 27 33 33 32 33 32 32 32 32 32 32 32 32 32 32 47 47 47 
31 33 35 32 32 3 3 3 3 3 3 3 3 3 3 3 3 3 29 3 17 23 17 23 17 17 17 23 23 23 23 23 23 23 23 23 23 19 19 19 19 19 19 40 40 40 40 40 10 24 33 24 24 24 24 24 24 24 24 24 24 24 24 24 24 24 24 35 35 35 35 35 24 24 24 24 
31 31 31 32 35 24 24 24 24 42 42 35 32 32 32 32 32 33 26 26 33 4 16 35 43 22 29 29 4 29 47 47 3 32 3 3 3 22 22 3 35 32 32 3 44 36 20 20 20 20 20 20 20 20 20 20 20 20 19 40 19 40 40 40 40 40 25 25 27 27 34 42 42 42 42 27 27 42 24 24 24 35 24 24 35 35 35 35 35 35 35 35 35 35 35 35 35 47 47 
31 31 35 35 35 3 35 35 35 35 35 3 3 35 35 3 3 3 35 3 3 22 5 5 5 5 5 5 5 5 5 5 5 5 5 5 5 5 5 40 40 40 19 10 24 33 42 42 42 42 42 42 35 35 35 24 35 35 35 35 35 35 35 33 35 35 35 35 35 35 35 35 47 24 
31 31 32 32 32 35 35 32 32 32 32 32 32 32 32 32 32 33 32 32 33 29 29 43 3 26 32 26 26 33 32 32 32 32 32 32 32 32 43 43 3 32 32 32 32 32 22 27 41 41 20 20 20 20 20 20 20 20 20 20 20 20 20 20 20 20 20 20 20 20 20 20 20 20 20 20 20 20 40 40 40 40 1 1 1 25 25 25 24 24 24 24 24 24 25 25 24 24 24 24 24 25 24 24 24 27 24 24 24 24 33 33 24 24 27 
31 26 32 26 26 26 26 26 26 32 26 26 26 26 26 26 26 26 33 31 43 13 13 43 43 43 43 43 43 43 3 3 3 3 3 29 32 3 3 32 33 10 10 25 10 36 36 36 36 36 36 36 36 36 36 36 36 36 36 36 40 36 40 40 40 40 40 40 40 40 40 36 36 24 33 33 27 27 27 27 27 27 24 35 27 27 24 33 33 33 33 24 24 24 24 42 42 33 33 42 26 47 
31 31 22 35 32 35 32 32 32 32 32 3 32 3 3 32 32 32 32 3 27 27 44 44 44 44 44 44 44 44 44 44 44 44 44 44 44 44 44 44 44 44 44 1 1 1 1 1 1 1 1 1 1 1 10 10 10 10 10 10 27 27 27 27 27 27 27 27 27 27 27 27 27 33 33 33 33 33 32 32 32 32 32 32 32 32 47 47 47 
31 35 35 35 35 35 35 35 35 32 35 35 35 35 46 42 24 33 24 24 35 29 46 4 4 4 43 29 4 5 25 12 12 12 36 36 36 36 36 36 36 36 36 36 36 40 40 40 40 40 25 25 25 24 24 24 24 24 24 24 24 24 24 24 24 48 24 24 24 25 24 24 24 24 24 24 24 24 24 24 24 
31 31 31 3 32 32 3 32 32 3 3 3 3 3 3 3 3 32 32 3 3 29 31 28 16 16 16 18 18 18 18 18 18 16 16 16 16 16 16 50 50 36 36 7 36 36 36 15 25 25 36 25 25 25 10 25 25 25 25 27 27 27 33 33 33 33 33 33 33 33 33 33 33 26 33 33 33 33 26 33 33 33 33 33 24 
31 31 31 32 32 32 32 22 3 3 3 3 3 3 3 3 3 3 3 3 3 44 44 1 44 44 44 44 44 44 44 10 10 10 1 1 1 1 1 1 1 1 1 1 1 1 25 25 27 27 27 27 33 33 33 33 24 24 24 24 24 35 35 35 35 32 3 32 3 32 35 47 47 47 
33 42 31 32 32 3 3 26 26 26 32 32 3 33 32 22 22 35 22 33 33 27 27 33 12 27 41 41 41 41 41 41 41 41 41 41 41 41 41 41 41 41 41 41 20 20 20 40 40 40 40 40 40 40 25 25 25 25 25 25 25 25 25 25 25 25 25 24 25 25 24 24 24 24 24 24 24 24 24 24 35 35 35 35 35 24 47 47 
31 31 31 3 3 3 32 32 27 33 33 12 10 12 12 12 12 12 12 12 12 12 12 12 12 12 40 40 40 40 40 40 40 10 10 27 10 27 25 27 25 24 24 24 24 24 33 24 24 33 35 35 35 35 33 33 33 33 24 24 24 
31 31 31 3 32 32 32 32 3 3 32 32 32 32 3 32 32 32 32 31 22 43 43 4 29 43 43 47 3 29 32 3 22 22 43 22 26 5 5 5 5 36 5 36 36 36 44 44 44 44 19 19 36 10 27 27 33 32 35 35 24 33 33 35 35 32 32 32 32 35 35 32 32 32 32 32 32 32 32 32 47 47 47 
31 31 31 32 3 32 32 32 32 32 3 3 3 32 3 32 3 22 3 3 31 31 18 43 43 43 43 13 43 43 43 43 29 3 29 29 32 32 26 12 10 44 10 10 10 10 10 10 1 1 1 1 1 1 1 1 1 1 1 1 1 1 1 1 1 1 1 1 1 25 25 25 25 27 33 33 33 33 35 33 35 35 35 32 35 35 35 35 24 24 35 24 24 35 24 24 24 24 
31 31 31 3 3 3 32 32 32 32 3 32 32 26 26 26 26 26 22 22 3 22 22 22 22 22 22 22 22 22 22 22 43 43 3 26 26 26 26 26 26 33 24 47 33 27 27 33 41 41 41 41 41 41 20 20 20 20 20 20 20 20 20 20 20 20 40 40 40 40 40 40 40 12 27 33 26 26 26 26 26 26 26 26 26 42 42 26 26 27 42 42 42 27 27 27 27 27 27 27 42 27 26 27 
31 31 31 3 3 3 3 32 32 3 3 32 32 3 3 32 3 32 32 3 3 22 22 43 43 29 43 43 22 3 22 22 3 3 3 3 3 3 3 35 5 5 35 30 30 30 30 30 30 30 30 19 30 30 30 30 30 30 30 30 10 10 10 10 10 25 25 25 25 25 24 33 33 33 33 33 33 42 35 33 32 32 35 32 32 32 3 3 3 3 3 47 47 47 
31 31 32 32 26 26 33 33 26 33 33 32 33 33 32 32 32 26 33 32 26 27 33 32 31 26 26 43 13 29 43 43 43 43 43 3 29 33 17 23 23 23 23 23 23 23 23 23 23 23 23 23 23 23 23 23 23 23 23 23 23 23 20 20 20 40 40 40 40 20 25 25 25 25 25 24 24 24 24 24 27 42 42 42 27 33 33 27 33 33 33 33 24 33 33 33 35 33 33 35 47 24 
31 31 31 3 3 32 32 3 3 32 3 32 32 32 3 3 3 3 3 31 31 4 4 43 3 22 13 13 43 22 26 26 30 30 30 30 30 30 30 30 30 30 30 10 10 10 1 1 1 10 10 10 10 10 10 10 25 25 25 25 34 25 25 25 24 33 33 24 24 24 24 24 24 35 33 24 42 42 42 33 42 35 32 32 35 35 35 35 47 47 
31 31 31 32 32 3 3 3 3 32 3 3 3 32 32 32 32 3 32 3 27 30 46 30 30 30 30 12 12 30 44 44 44 44 15 15 15 15 15 44 15 15 1 1 1 1 1 1 10 10 27 27 27 27 27 27 27 27 33 33 33 33 35 32 33 33 32 35 35 35 35 35 33 47 47 
31 31 22 32 3 3 3 3 3 3 3 3 3 3 3 3 33 33 32 3 3 40 40 20 40 19 19 40 1 1 1 1 1 1 1 1 1 1 1 1 1 1 1 25 25 10 33 27 33 33 33 24 33 24 35 35 35 24 24 24 24 24 35 24 24 24 24 24 24 35 47 
31 31 31 3 3 3 3 3 3 3 32 3 43 3 3 32 3 26 32 32 3 22 41 44 44 41 44 41 44 44 44 44 44 44 44 44 44 19 1 1 1 1 1 1 1 1 25 25 24 33 33 33 33 33 24 24 35 35 35 32 32 35 35 33 32 35 32 3 3 47 47 
31 31 31 3 3 32 32 32 3 3 3 3 3 32 32 3 32 32 32 31 35 20 20 20 20 20 20 20 20 20 20 20 20 20 41 41 41 40 40 40 40 40 40 10 25 27 27 33 24 24 24 42 42 33 24 35 24 33 24 33 24 33 24 24 33 24 24 35 24 33 33 33 47 47 
31 31 31 3 3 3 3 3 3 3 3 3 3 3 3 3 22 3 3 3 33 30 30 17 17 17 17 17 23 17 17 17 23 23 17 17 17 30 30 30 19 19 10 10 10 10 10 1 10 10 10 25 25 25 27 27 27 27 27 27 33 33 33 33 33 32 3 3 3 3 3 3 3 3 3 3 3 3 47 47 
31 31 32 35 32 32 3 3 3 32 32 32 3 32 32 3 3 26 26 29 41 41 41 41 41 20 20 20 20 20 20 20 20 20 20 20 20 20 20 20 20 20 20 20 20 20 20 20 20 20 40 40 40 25 1 25 25 24 33 33 33 33 42 42 33 42 42 42 42 42 42 42 42 42 42 42 42 42 42 42 42 42 42 42 42 
31 31 3 3 3 3 3 32 32 3 3 3 3 3 3 3 3 3 31 3 3 43 3 3 3 3 3 3 3 3 3 3 3 22 22 22 22 22 22 22 32 27 28 28 28 28 41 28 28 40 40 40 40 40 40 40 40 40 40 40 40 40 40 40 40 40 40 40 40 40 12 40 40 25 25 24 24 35 35 35 24 24 24 24 24 24 24 24 24 35 24 35 24 35 35 35 35 47 47 
31 31 31 32 32 3 3 32 3 32 32 3 32 32 3 3 3 32 32 32 32 22 43 22 46 30 30 30 30 19 19 19 19 19 19 19 19 10 10 10 10 10 10 10 10 1 1 1 25 25 25 25 25 25 27 27 25 25 25 25 25 24 24 33 24 33 33 33 35 35 33 33 35 24 24 24 
24 35 24 24 35 35 32 32 3 3 32 32 32 32 32 32 32 32 31 31 31 13 14 43 22 4 22 3 43 3 29 3 32 3 3 3 3 32 32 26 33 41 41 41 41 41 41 41 41 41 41 41 41 41 41 10 19 10 10 10 10 10 10 10 10 10 10 10 10 25 25 27 27 33 33 24 24 24 24 24 24 24 24 24 24 24 24 24 24 24 24 24 24 24 24 24 24 24 
31 31 31 32 32 32 32 32 32 3 32 32 32 32 32 32 32 32 26 22 26 22 22 29 3 3 3 3 3 3 32 35 35 5 19 19 40 40 40 40 20 20 20 20 20 20 20 20 20 20 20 20 20 40 40 20 40 40 40 40 20 20 40 40 40 24 35 33 33 33 33 33 33 33 27 27 27 33 33 33 33 33 33 33 33 33 33 33 33 33 33 33 33 33 33 47 
31 31 32 32 32 32 32 32 32 32 3 3 3 33 33 33 32 32 3 32 32 3 22 22 22 32 32 3 32 27 5 5 5 5 5 5 5 5 5 5 5 5 5 5 5 1 1 1 1 1 1 1 40 1 1 40 40 40 25 25 25 27 27 27 27 27 27 27 27 27 27 24 24 24 24 33 33 24 33 35 35 35 35 35 35 33 35 47 47 
31 31 31 3 3 3 3 3 32 3 3 3 3 3 32 3 3 3 3 3 3 41 41 20 20 20 20 20 20 20 20 20 20 20 20 20 20 20 20 20 20 20 20 20 20 20 20 20 20 20 20 40 40 40 40 40 40 40 40 40 40 40 40 40 40 40 40 40 40 40 25 25 27 27 33 27 27 26 27 26 33 33 33 32 32 3 3 32 32 3 32 47 47 47 
22 31 31 3 22 22 3 3 32 35 32 35 32 32 32 32 32 32 3 32 32 30 30 17 30 41 41 41 41 41 41 41 41 41 41 41 41 41 41 41 41 40 19 19 10 25 25 24 24 33 24 24 24 24 24 46 35 35 35 35 35 35 35 35 35 35 35 35 35 35 35 35 35 47 47 
31 31 26 26 26 26 26 26 26 26 26 26 26 26 26 26 32 35 35 35 3 43 43 22 43 3 22 29 3 3 32 32 3 3 3 3 3 32 3 26 27 12 12 23 12 12 12 12 23 23 23 23 23 23 23 23 23 23 12 12 12 12 12 12 12 12 12 40 40 40 40 40 40 25 25 25 25 25 25 25 25 25 25 24 42 24 27 24 24 24 24 24 42 24 42 33 24 24 24 24 24 35 24 
31 31 31 32 32 3 32 32 3 3 32 32 3 32 32 3 32 3 32 31 32 29 16 32 35 33 32 33 35 32 3 32 3 35 26 32 32 12 44 33 26 30 10 44 41 41 12 20 20 20 20 20 20 20 40 40 40 40 40 1 40 40 25 25 24 24 24 24 36 25 10 27 27 27 27 27 27 27 27 27 27 27 27 27 24 24 24 24 24 35 35 35 35 35 32 35 35 47 47 
31 31 35 33 32 35 32 35 32 35 35 35 3 35 35 32 35 32 35 32 19 19 19 19 23 23 19 19 19 19 19 19 19 19 19 19 19 19 19 19 19 19 19 19 19 19 19 1 1 1 19 1 1 25 19 33 33 24 24 27 10 10 27 27 27 27 27 33 33 33 33 33 24 24 24 33 33 33 33 47 33 
26 26 26 26 26 26 26 26 26 26 26 33 32 3 32 32 3 32 32 32 3 30 30 30 30 30 30 19 30 19 17 19 19 19 19 19 19 19 19 19 19 19 19 19 19 10 10 24 27 27 33 33 33 33 33 33 32 32 35 35 35 24 35 35 24 35 35 35 35 24 24 24 24 24 42 
31 31 35 35 35 35 3 32 3 3 35 3 3 3 35 26 26 32 3 32 33 10 10 10 44 44 44 44 44 44 44 1 1 1 1 1 1 1 1 1 1 1 1 1 1 1 10 10 10 27 27 27 27 33 27 27 33 27 27 33 33 33 33 33 27 33 33 26 33 33 33 27 33 26 
31 31 33 24 42 26 26 32 42 26 22 26 42 42 33 35 35 35 35 31 13 14 14 47 47 47 22 35 35 46 12 12 46 46 16 16 20 20 20 20 20 20 20 20 20 20 20 20 20 20 20 20 20 40 40 40 1 1 25 25 24 24 24 24 24 25 24 24 24 35 35 35 35 35 35 32 32 32 32 32 32 32 32 32 32 22 22 22 
31 31 3 3 32 3 3 3 3 3 3 3 3 3 3 32 3 26 26 26 26 25 1 1 1 1 1 1 1 1 1 1 1 1 1 1 1 1 1 1 1 1 1 1 1 1 1 1 1 1 1 1 1 25 25 25 24 27 33 33 33 33 33 33 33 33 33 33 26 26 33 33 26 26 32 26 3 32 47 47 47 
31 31 31 32 3 3 3 3 3 3 3 35 3 3 3 3 3 3 3 47 10 1 1 44 44 44 40 40 36 36 20 36 36 36 40 36 40 40 40 40 40 40 1 1 1 1 1 1 1 1 1 40 40 25 25 25 25 24 24 24 33 35 35 35 35 35 35 33 35 35 3 32 32 3 3 3 32 3 3 47 
31 31 31 3 3 3 3 3 3 3 3 3 3 3 3 3 3 3 3 3 22 29 43 3 3 3 3 3 3 22 22 3 3 32 33 28 44 41 41 40 40 10 10 10 10 10 10 10 1 1 1 1 1 1 1 1 1 1 1 1 25 25 25 27 27 27 27 33 33 33 33 32 32 3 3 3 3 3 3 3 3 3 3 3 3 3 3 47 
31 33 33 32 32 33 32 32 32 32 32 32 32 32 32 32 32 32 32 32 32 22 26 33 3 3 35 35 32 35 32 32 32 31 26 29 29 32 3 32 32 32 32 32 32 3 3 30 17 30 30 30 30 23 17 19 19 19 19 19 19 19 19 19 19 19 19 19 19 19 19 19 19 19 1 10 1 25 25 33 27 33 27 27 27 27 27 27 27 33 33 33 46 33 35 32 35 32 32 35 32 32 35 32 47 47 47 
31 31 31 32 32 32 32 3 3 3 3 3 3 3 3 29 3 3 3 22 22 16 20 50 20 20 20 20 20 20 20 20 20 20 20 20 20 20 20 20 20 20 20 20 20 19 19 40 40 40 40 40 1 1 1 25 27 27 27 27 27 33 33 35 35 3 32 3 3 3 3 3 3 3 32 32 3 3 3 3 3 3 47 47 
31 31 26 26 26 26 26 42 26 26 42 33 26 26 26 33 32 32 31 32 29 29 32 32 32 13 43 22 22 43 29 25 30 5 30 30 19 19 19 19 19 19 19 19 19 19 19 19 19 19 19 19 10 10 10 25 24 24 24 35 24 35 35 35 32 32 35 35 35 32 32 35 33 33 35 24 24 24 33 24 
