31 31 32 32 32 32 32 32 32 32 32 32 32 3 3 3 3 3 3 3 3 3 22 32 33 32 33 33 33 33 33 24 25 1 1 1 1 19 19 19 19 19 23 23 23 23 23 23 23 23 23 17 46 12 12 12 34 34 25 25 34 34 34 34 34 34 34 34 34 24 42 42 42 35 42 24 24 33 33 24 35 35 35 35 3 3 35 26 26 47 47 47 
26 26 26 26 26 26 26 27 26 26 26 32 32 35 32 32 32 35 35 25 1 1 1 1 1 1 1 1 1 19 19 19 19 44 44 44 44 44 44 7 44 44 44 44 45 17 45 45 45 15 15 15 15 15 15 15 34 34 34 42 35 35 26 29 29 32 29 32 47 47 32 32 33 26 33 33 33 32 32 32 32 32 32 3 3 32 32 3 32 32 32 32 3 3 47 47 47 
31 31 3 3 3 3 22 22 32 32 3 3 33 27 27 33 33 33 33 33 33 40 40 40 40 40 40 40 20 20 20 41 41 41 41 41 41 41 41 41 12 12 34 11 34 11 34 34 34 34 34 34 34 24 24 35 42 32 35 35 35 35 35 35 35 35 32 32 32 3 32 32 32 3 35 3 3 47 47 47 
31 31 31 3 3 3 3 3 32 32 3 32 26 3 32 32 3 3 31 31 29 13 4 29 29 29 29 4 4 29 29 29 47 47 27 10 25 24 33 25 24 25 1 10 19 19 19 19 19 30 30 30 30 30 30 34 34 25 25 25 34 25 24 27 24 33 33 35 33 33 35 35 35 35 35 35 35 24 35 35 35 35 35 35 35 47 47 
31 31 31 3 32 3 3 3 3 3 3 3 3 32 3 3 3 3 35 24 25 1 1 19 1 19 19 19 19 19 19 19 19 19 19 44 17 17 17 17 17 17 17 17 17 17 17 17 17 34 34 34 34 34 42 34 34 42 42 42 26 26 26 26 26 26 33 33 33 33 33 33 33 33 35 32 32 32 32 32 3 3 3 3 3 3 47 47 
31 31 32 32 32 3 32 3 3 32 32 32 3 3 3 3 3 32 26 27 26 26 26 33 33 32 33 32 32 33 33 33 33 33 33 32 32 32 32 33 24 25 1 1 1 1 10 10 1 1 40 40 40 40 40 40 40 40 40 20 20 20 20 20 41 41 41 41 41 41 41 41 12 12 12 17 17 30 30 34 34 34 34 34 34 34 24 34 34 24 42 42 42 42 42 42 42 33 33 33 33 33 33 24 33 33 33 33 33 33 33 33 33 33 33 47 
31 31 31 32 32 3 3 32 3 32 32 3 32 32 32 32 32 3 3 32 35 25 25 1 25 1 1 1 1 1 1 10 10 10 10 10 10 10 12 10 10 12 10 10 12 12 12 27 10 10 12 25 25 34 34 34 34 34 34 34 34 34 34 12 25 25 25 27 27 27 27 27 27 26 33 33 33 33 35 33 35 35 33 35 32 35 35 35 35 35 35 35 47 47 
31 31 32 32 32 32 32 32 32 32 32 32 32 32 3 32 32 32 32 3 32 3 26 32 32 32 22 29 22 33 27 33 32 32 32 32 32 32 35 25 1 1 40 40 1 19 40 40 40 40 40 40 10 10 10 12 23 23 23 23 23 12 12 34 15 15 15 15 34 34 34 34 34 34 25 24 24 35 32 35 32 32 32 32 32 32 32 32 32 32 35 32 32 32 32 32 32 32 32 47 47 
31 31 31 32 3 3 32 35 35 35 35 3 3 32 26 32 26 42 42 26 33 16 16 35 47 35 3 3 43 3 29 35 32 3 3 3 32 32 33 33 33 33 24 25 15 15 19 1 19 19 19 19 19 19 19 23 23 23 23 23 23 23 17 17 17 17 17 17 30 34 34 34 34 34 34 34 34 34 42 46 35 46 46 24 24 35 35 35 24 24 24 24 35 35 35 24 24 24 24 24 24 35 47 47 
31 31 35 35 35 35 3 3 35 35 32 35 35 35 35 32 35 32 35 35 26 26 26 35 35 35 33 35 22 22 29 29 46 29 22 3 32 3 35 35 35 35 32 35 35 46 12 12 19 19 19 19 19 19 19 19 19 12 44 41 41 50 50 50 50 50 50 50 11 11 34 34 34 34 34 34 34 42 42 42 42 42 42 42 24 24 42 42 42 24 35 35 35 35 35 35 35 35 35 32 47 47 47 
31 31 35 35 3 3 3 3 35 3 35 3 3 3 3 3 3 3 3 3 3 43 43 3 33 33 33 33 24 25 25 25 1 1 1 40 40 5 5 5 5 5 5 5 5 5 5 5 5 5 5 44 34 34 34 34 34 34 42 42 35 35 35 35 35 35 35 33 35 24 35 35 24 24 35 35 35 35 24 35 47 47 47 
31 31 32 32 32 32 32 32 32 32 32 32 32 32 32 32 32 32 32 32 32 26 26 3 32 32 32 32 32 32 32 32 3 32 33 33 33 33 33 33 25 1 1 1 1 1 40 40 40 40 40 20 20 20 41 41 41 41 41 41 41 41 41 41 50 11 46 46 46 34 34 34 25 34 34 25 25 25 24 24 24 24 24 24 24 24 24 24 24 24 25 25 24 25 25 24 25 25 25 24 24 24 25 
26 26 33 33 27 27 33 33 32 32 32 35 24 24 24 24 33 33 33 33 25 25 40 40 40 40 40 40 40 36 36 36 36 36 36 36 16 16 16 50 25 34 34 34 34 34 46 42 12 46 46 5 5 47 26 26 27 27 27 27 27 27 27 27 27 27 33 33 35 35 35 32 32 3 3 3 32 32 3 47 47 
31 31 31 32 3 32 32 32 3 3 32 3 3 32 32 33 32 35 24 24 25 1 1 1 1 1 1 1 1 1 1 44 44 44 44 28 5 5 28 28 28 5 5 28 12 28 24 25 34 34 34 34 34 34 34 34 34 34 34 34 34 34 34 34 34 34 34 34 24 24 24 42 42 42 42 42 42 33 27 42 33 24 24 24 33 35 32 33 35 32 35 33 32 32 32 32 47 47 47 
33 33 26 35 35 32 32 35 35 33 33 33 33 33 33 33 33 33 33 33 33 22 22 29 35 35 32 35 35 24 33 33 33 33 33 24 25 25 40 40 40 25 40 40 40 40 40 40 20 36 36 7 7 36 36 36 7 7 25 34 11 34 34 34 34 34 34 24 24 24 24 24 24 24 24 24 24 24 24 24 24 24 24 35 35 35 35 35 35 24 24 24 24 
31 31 31 3 3 3 3 32 32 3 32 3 3 3 3 3 3 3 3 3 32 29 29 3 32 3 32 3 29 3 43 29 32 3 29 29 26 47 32 32 32 32 26 26 3 22 22 3 3 32 3 3 3 32 32 3 32 35 24 25 40 40 20 20 20 20 20 20 20 20 20 20 20 20 20 20 16 16 16 16 12 28 28 50 46 25 25 25 25 25 25 25 25 25 34 34 34 34 34 24 42 42 33 26 26 26 32 33 26 26 26 32 26 33 33 47 47 
31 31 31 3 3 3 3 26 26 32 3 3 32 33 33 33 33 24 24 24 25 1 1 1 1 1 19 19 44 44 44 44 44 7 7 7 12 12 34 34 34 34 34 34 34 34 34 34 34 34 42 42 42 24 24 24 24 24 24 24 35 35 35 35 35 3 35 3 3 3 3 3 3 47 47 
31 31 31 35 35 35 35 35 35 35 35 35 35 35 35 3 35 35 32 3 32 29 32 26 3 22 43 43 3 41 33 33 24 10 10 25 1 1 1 10 10 10 10 10 10 10 10 10 10 41 41 41 41 41 41 41 50 50 50 50 50 50 7 45 34 34 34 34 34 34 34 34 34 34 34 34 34 34 25 24 24 24 24 25 25 24 24 24 24 24 24 24 24 24 24 24 24 24 24 24 24 35 35 47 
33 26 33 33 33 33 33 32 33 32 32 32 32 35 35 35 35 24 24 24 25 25 25 34 34 34 10 10 10 10 10 19 12 12 12 23 23 7 7 12 39 34 34 34 34 34 34 34 34 42 27 24 42 24 24 24 24 35 33 33 33 35 35 33 33 33 33 24 24 33 33 33 24 33 33 
31 31 31 32 32 32 32 32 32 3 32 26 26 26 32 32 32 31 31 31 13 14 43 3 43 29 32 32 32 33 33 33 33 25 1 1 10 25 1 1 1 1 36 36 36 36 36 36 36 36 36 36 50 50 11 45 34 34 25 34 24 35 35 35 35 32 35 42 35 35 42 33 33 33 33 33 26 32 33 32 35 32 32 32 33 35 47 47 47 
31 31 31 32 32 32 32 32 32 32 32 32 3 32 32 32 3 32 3 3 22 22 22 3 43 43 33 32 33 33 27 33 27 25 25 1 1 1 1 1 1 1 1 1 1 1 1 1 1 1 1 10 19 44 44 44 44 44 12 12 12 12 12 12 15 15 15 15 15 25 25 25 25 25 25 25 25 25 24 25 24 24 24 24 35 35 32 3 32 32 32 32 32 32 32 47 47 47 
26 26 26 26 26 26 26 27 27 33 33 33 32 32 32 32 32 33 33 24 25 40 40 40 40 40 40 40 40 40 20 20 20 20 41 41 41 41 16 16 16 16 46 24 24 24 24 46 24 34 34 24 12 11 46 24 42 26 26 42 42 27 27 26 42 24 33 33 35 35 33 35 35 35 35 35 35 35 32 35 32 3 47 47 47 
31 31 31 32 32 32 3 3 3 3 3 3 3 32 32 32 32 35 32 35 25 1 1 1 1 19 19 19 19 19 19 19 19 19 19 19 19 19 19 30 30 39 30 30 17 17 46 46 34 34 34 34 34 34 34 34 42 42 42 26 42 42 42 26 26 26 26 42 26 26 33 33 26 26 32 33 47 47 
31 33 32 32 33 26 32 32 32 33 32 35 35 35 32 32 3 32 32 32 29 29 22 29 29 29 4 4 3 3 47 3 3 32 33 25 25 25 25 25 25 25 40 40 40 40 40 40 40 20 20 23 23 20 23 23 23 23 23 23 23 23 23 23 23 23 23 23 23 11 12 24 34 24 24 24 24 34 24 24 24 24 24 24 24 24 35 24 35 24 35 24 33 33 24 33 33 33 33 33 24 24 35 35 33 35 47 47 
31 31 31 32 3 3 3 32 32 3 32 32 32 3 3 32 3 32 31 31 22 43 43 43 22 43 22 29 22 33 33 33 32 32 33 24 1 1 25 1 1 1 1 1 1 1 10 10 10 10 10 10 44 44 44 44 44 30 34 34 34 34 34 34 34 34 11 11 12 12 34 27 42 42 42 26 26 27 26 29 33 42 24 24 24 42 42 35 35 35 35 35 35 35 35 35 35 35 33 27 24 24 35 35 35 35 35 47 47 33 
33 33 33 33 33 33 33 33 26 33 33 33 33 33 33 32 33 32 33 33 24 25 1 1 1 1 1 1 1 1 1 1 1 1 10 10 44 44 44 15 15 12 12 39 15 34 34 11 34 34 34 34 34 34 42 42 42 42 42 24 33 35 33 33 35 35 35 32 35 35 32 32 35 35 35 35 35 35 35 22 22 35 35 3 35 32 35 35 32 3 32 32 32 3 3 3 3 3 3 3 3 3 3 32 32 31 31 29 4 29 47 32 32 3 3 32 29 29 32 32 3 3 3 3 3 32 32 32 32 32 33 32 32 32 32 33 35 47 47 
31 31 3 3 3 3 3 3 3 3 3 3 3 3 3 3 32 33 33 33 25 1 1 1 1 1 1 1 1 19 19 44 44 44 44 44 44 44 44 7 15 15 25 25 34 34 34 34 34 34 42 42 24 25 25 24 24 24 24 24 24 24 24 35 24 24 24 35 35 35 35 35 3 47 47 47 
31 31 31 32 32 3 3 3 3 3 32 3 3 3 3 3 32 3 3 31 3 29 4 3 3 3 3 43 22 3 3 3 3 32 33 25 1 1 25 1 1 1 1 1 19 40 44 44 44 44 44 44 44 44 44 44 44 30 42 15 34 34 34 34 34 34 34 34 34 34 42 42 22 32 26 32 32 3 32 32 3 3 32 3 3 32 3 3 32 3 47 47 47 
31 31 31 3 32 3 3 32 32 32 32 32 32 32 33 33 33 24 33 33 24 25 40 40 40 40 40 20 20 20 20 20 20 20 20 41 41 41 16 16 46 46 46 24 24 24 34 34 34 34 34 34 34 34 42 24 42 24 42 24 24 24 24 24 24 24 24 24 24 24 24 24 24 24 24 24 24 24 24 24 46 42 11 24 24 24 33 33 33 33 35 32 32 32 35 35 35 35 35 35 35 35 35 35 35 35 35 32 35 35 47 47 
31 31 31 3 3 3 3 3 3 3 32 3 3 32 26 32 32 35 35 24 24 25 25 25 1 25 10 10 10 19 19 19 19 44 44 44 44 44 7 7 44 17 17 17 17 30 34 34 34 34 34 25 34 34 34 34 34 34 24 42 42 42 26 32 33 3 32 3 22 22 3 3 3 3 3 3 3 3 47 47 
31 31 32 32 32 32 32 32 32 32 32 32 3 3 3 3 32 32 3 3 32 22 43 22 35 35 26 26 26 33 33 24 25 25 25 1 1 1 1 1 1 1 19 19 40 19 19 40 40 40 40 36 41 41 41 41 50 16 16 16 50 11 25 25 25 25 25 25 25 25 25 34 42 42 42 42 42 42 42 42 26 42 42 42 42 42 42 42 42 42 42 42 42 33 33 33 33 47 47 
31 31 3 3 3 3 3 3 3 3 3 3 3 3 3 3 3 3 3 3 22 22 22 22 43 3 43 3 3 32 24 25 1 1 40 40 40 40 40 40 40 40 40 40 40 40 40 40 40 40 40 40 36 36 36 36 36 36 36 36 36 36 36 36 36 36 25 25 25 48 25 25 25 25 25 34 34 34 24 42 42 26 26 26 26 26 26 26 35 3 35 35 3 3 3 3 3 47 3 
31 31 31 32 32 3 3 3 3 3 3 32 26 26 26 32 32 32 35 24 40 34 34 34 40 48 40 40 40 40 40 40 40 40 40 40 40 12 12 12 12 12 12 12 12 12 12 12 12 12 34 34 34 34 34 34 34 34 34 34 34 34 42 42 42 27 26 26 26 26 27 27 42 27 26 27 42 42 24 24 35 35 47 47 
26 26 26 32 32 32 32 3 32 3 32 3 32 3 3 3 3 32 32 32 24 25 34 25 40 40 40 40 10 40 10 40 10 10 41 41 41 41 41 41 41 41 41 41 41 41 12 12 12 25 25 25 15 25 25 25 25 25 30 48 27 42 26 26 26 26 26 26 26 26 26 33 33 33 35 35 35 35 35 35 35 35 47 47 47 
31 33 33 33 3 43 32 32 32 3 29 32 26 33 35 32 32 35 33 35 24 10 19 19 19 19 40 19 19 19 19 19 19 19 19 19 19 44 44 44 44 50 50 50 50 45 15 34 34 34 34 34 34 34 34 34 42 42 42 35 42 22 3 47 42 42 27 27 27 27 27 27 27 27 27 27 27 27 27 24 24 27 27 24 27 24 27 27 24 42 27 27 
26 26 26 26 26 26 33 33 26 32 32 32 32 32 32 3 32 32 35 35 24 25 25 24 25 25 25 36 40 40 36 19 36 36 36 36 50 50 50 50 11 11 11 11 45 34 34 34 34 34 34 34 34 24 27 27 42 26 26 26 26 26 33 42 26 26 33 42 26 33 33 33 33 33 33 33 24 27 
31 31 31 3 3 3 3 26 3 3 3 3 3 32 32 32 33 32 35 35 25 1 1 1 1 10 10 10 40 40 40 40 20 20 20 20 20 20 20 20 20 20 20 20 41 16 16 41 41 50 46 46 46 11 11 34 34 34 34 34 34 34 34 34 34 34 34 34 34 24 24 24 24 35 35 3 3 3 3 32 32 32 32 35 35 32 33 35 32 32 35 35 35 35 35 47 47 
31 31 35 32 32 35 35 35 32 32 32 3 3 32 32 26 42 35 35 24 48 34 10 10 10 10 40 40 40 19 19 40 40 19 12 12 12 12 12 12 12 12 12 34 34 34 34 34 34 34 34 34 24 24 24 35 35 35 35 35 33 35 42 42 33 26 42 35 26 26 26 26 26 35 26 26 32 47 47 47 
31 31 31 3 32 32 3 32 32 32 32 32 32 26 26 32 32 32 3 32 3 43 22 22 35 3 3 3 3 32 32 3 3 32 32 32 32 32 3 32 35 25 1 1 1 40 40 40 40 40 20 20 23 23 41 23 23 23 23 23 23 11 34 34 34 34 34 34 34 34 34 34 34 34 24 24 24 24 24 24 24 24 24 24 24 24 24 24 24 24 24 24 24 24 24 24 24 24 24 24 24 24 24 
35 35 35 35 32 33 35 35 32 32 32 32 32 32 32 33 3 32 26 32 24 25 25 34 25 24 25 25 40 40 40 40 40 20 12 12 12 12 41 41 41 12 34 34 34 34 34 34 34 24 46 46 29 46 35 24 42 24 27 24 24 24 24 24 24 35 35 35 35 32 32 32 3 3 32 32 3 32 32 3 3 3 47 47 
31 31 31 32 35 35 32 32 3 3 32 35 35 32 3 35 35 35 35 24 25 1 1 1 1 1 19 19 19 19 19 19 19 5 5 5 5 5 5 5 5 5 5 5 45 45 34 15 15 15 34 34 34 34 34 34 34 34 34 34 34 34 42 27 27 27 27 27 27 27 27 42 33 35 35 32 35 35 47 47 
31 31 31 32 3 3 3 3 3 32 32 3 32 3 32 3 3 32 32 32 26 33 26 26 26 26 26 26 26 26 26 26 32 3 32 33 33 33 24 24 10 10 10 10 40 19 19 19 19 19 12 12 12 17 17 17 17 17 45 45 30 30 34 34 34 34 24 24 24 35 35 35 35 35 35 35 35 24 35 35 24 35 35 35 24 26 26 35 35 35 3 47 47 47 
31 31 31 3 3 3 3 3 3 3 3 3 3 3 32 3 32 32 33 24 25 1 1 1 1 1 1 1 1 1 1 1 1 1 44 44 10 44 44 44 39 39 15 15 15 15 15 34 34 34 34 34 34 24 24 35 35 35 35 32 32 32 32 32 32 32 35 32 3 32 32 32 32 32 3 3 47 47 47 
31 31 26 32 26 32 26 26 26 26 26 42 33 26 26 26 26 3 31 32 3 43 22 3 3 22 32 32 32 32 32 32 35 24 25 34 34 40 40 40 40 40 40 40 40 40 40 40 20 20 20 20 20 20 20 20 20 41 41 41 23 46 46 46 46 34 34 34 34 34 34 34 11 11 11 42 42 42 42 27 42 26 42 42 42 24 33 33 35 35 35 35 35 35 35 33 33 33 35 35 35 32 35 47 47 47 
31 31 31 3 3 3 3 3 3 3 3 3 3 3 3 3 32 3 32 35 24 25 25 15 15 1 1 1 1 1 1 1 1 1 44 44 44 44 44 44 44 44 44 44 44 44 44 44 15 15 15 34 48 34 15 25 25 25 25 34 25 25 25 24 24 24 42 42 42 42 42 42 35 26 26 22 22 22 3 3 3 47 47 47 
33 31 32 32 32 32 3 3 3 3 3 3 3 32 32 32 32 32 33 24 1 1 1 1 1 1 1 40 40 1 10 40 40 10 20 10 10 44 44 44 44 7 7 15 15 34 25 25 1 25 25 25 34 25 25 25 34 34 24 24 24 35 35 35 32 32 35 35 32 35 35 32 32 32 32 32 33 47 47 47 
31 31 31 3 32 32 3 32 32 3 3 32 3 3 3 3 3 3 3 29 29 29 4 3 13 13 3 22 22 29 26 3 43 3 26 32 33 33 35 24 1 40 1 1 1 40 19 19 19 19 19 44 44 44 44 17 17 17 11 11 11 25 25 34 34 34 24 34 42 33 32 32 35 32 35 29 35 35 35 35 3 3 35 35 35 32 32 35 35 47 47 47 
31 31 31 32 32 32 32 32 32 32 32 3 32 32 32 32 32 3 3 32 32 26 3 26 32 32 32 32 32 32 33 33 35 33 33 33 33 26 33 33 33 33 24 40 10 10 10 10 10 10 10 10 10 19 19 19 19 19 19 19 19 19 19 19 19 19 19 17 17 44 30 30 30 34 34 34 34 34 34 25 25 24 24 24 24 24 24 42 33 33 33 33 33 33 33 33 35 35 35 35 35 35 32 35 35 35 35 35 35 35 47 47 
22 22 31 22 3 3 3 3 3 3 3 32 33 32 33 33 33 33 24 24 24 40 40 40 40 40 40 40 40 40 40 40 40 40 20 20 20 20 20 20 20 20 23 23 23 23 50 50 50 50 50 50 50 45 34 34 11 11 34 34 34 34 34 34 34 34 48 34 25 24 42 42 42 42 27 27 27 26 33 33 3 3 3 3 3 3 3 3 3 3 3 3 3 3 3 47 47 
31 31 35 32 32 32 32 33 32 32 32 32 32 32 32 32 32 33 27 33 26 26 26 32 32 32 3 32 32 33 32 32 27 10 19 19 19 19 19 19 19 19 19 19 19 19 19 19 30 30 30 30 30 30 34 34 25 34 25 25 27 24 24 24 24 24 24 24 24 35 35 35 35 35 35 35 24 24 24 24 24 24 24 24 
