31 31 31 3 32 3 3 3 3 3 3 3 3 26 26 31 29 29 29 29 29 29 29 25 10 30 17 17 41 17 17 17 17 17 17 17 17 17 17 17 17 17 17 17 17 17 17 30 42 17 17 30 30 30 30 15 15 25 27 42 29 43 43 43 43 43 43 22 26 26 26 27 27 27 26 26 27 26 33 32 32 32 32 32 35 32 35 32 35 35 35 35 35 47 47 47 
26 26 26 26 26 26 29 32 3 33 26 26 3 3 3 3 3 3 3 3 3 29 33 44 44 44 44 44 44 44 44 44 44 44 44 44 44 44 44 44 44 44 15 44 15 44 17 17 44 15 26 45 17 11 39 39 10 34 42 22 22 29 29 29 29 29 29 22 47 42 27 27 27 27 27 33 33 26 33 47 
31 31 3 32 32 32 32 32 32 32 32 32 33 33 33 33 42 26 26 26 26 33 42 33 32 32 3 3 3 3 3 32 26 22 29 29 29 29 29 4 4 4 46 33 33 33 33 33 33 33 27 27 33 33 33 33 33 33 33 33 35 35 46 46 46 46 46 48 48 34 34 34 34 34 24 35 46 46 46 46 46 35 35 24 24 25 24 24 24 24 42 24 35 33 35 35 35 35 35 47 47 
31 31 3 3 3 35 32 32 32 3 3 3 3 3 3 32 3 3 3 3 3 26 26 32 32 3 22 26 22 22 29 29 29 29 29 29 29 29 10 10 30 30 30 30 30 30 30 30 30 30 30 30 30 30 30 30 30 30 30 42 27 27 27 27 27 31 31 43 29 43 29 29 29 43 29 22 22 26 26 26 33 26 26 26 26 26 26 26 26 26 26 26 35 35 33 32 32 35 35 3 47 47 
31 31 31 32 3 32 3 3 32 3 3 3 32 3 3 3 32 32 31 29 29 29 29 29 22 42 44 44 44 44 44 44 44 30 30 30 30 30 30 30 30 30 30 30 30 30 30 30 30 30 30 30 30 30 30 30 30 30 34 42 22 22 29 29 43 29 43 22 47 26 26 26 26 26 26 26 26 32 32 32 32 32 32 3 3 47 47 47 
31 31 31 32 32 3 32 3 32 3 3 26 26 32 22 22 32 26 26 31 29 29 29 4 4 4 4 4 4 4 4 4 4 4 4 4 4 36 19 19 41 41 41 41 41 41 41 41 41 41 41 41 41 41 41 41 41 41 41 41 17 17 17 17 17 17 17 17 17 17 17 17 17 30 30 30 30 30 34 24 46 29 29 43 43 43 43 29 43 29 22 22 22 22 26 26 42 27 27 27 27 24 33 33 35 33 47 47 
31 31 31 3 32 32 32 32 26 26 32 32 32 32 3 3 22 22 29 29 29 29 29 29 4 29 29 12 10 10 10 10 10 10 10 44 44 10 44 44 44 44 44 44 44 10 10 10 10 10 10 12 12 12 12 25 12 12 12 12 12 12 12 27 25 34 42 22 29 29 29 32 22 26 26 26 26 26 33 33 33 26 33 32 32 32 33 32 32 3 47 47 47 
31 31 31 32 32 32 32 32 32 32 32 33 32 32 32 31 29 29 29 29 29 47 30 30 30 30 30 17 17 17 17 17 17 17 17 17 17 17 17 17 17 17 17 17 17 17 17 17 17 30 30 30 34 25 24 31 22 3 22 32 26 26 3 26 26 27 27 26 26 33 26 33 32 32 32 32 32 32 47 47 47 
31 31 31 3 3 3 3 3 3 3 3 3 3 3 3 3 3 3 32 32 22 43 43 3 47 47 26 26 26 26 32 43 33 33 33 32 33 32 3 22 35 33 26 31 29 29 4 4 4 4 4 4 4 4 4 4 46 12 23 23 23 23 23 23 23 23 23 23 23 23 23 17 17 17 17 17 17 17 17 17 17 17 17 17 6 6 17 11 46 29 4 4 4 18 18 29 47 47 22 35 35 35 24 24 24 24 24 24 24 24 24 24 24 35 35 35 35 35 35 24 35 24 35 35 35 35 47 47 24 
35 35 35 35 35 35 35 35 3 32 35 32 32 32 32 32 32 33 32 33 26 22 22 22 3 3 32 32 35 32 22 22 26 3 3 3 35 35 3 35 31 29 29 29 29 29 29 29 29 50 7 7 50 7 7 7 7 50 50 50 50 44 50 50 50 50 50 50 50 50 50 50 50 50 50 50 50 11 11 46 46 29 29 29 29 22 47 42 27 27 27 26 26 27 27 27 26 26 26 26 27 33 33 33 33 33 47 33 
31 31 31 35 35 35 3 35 35 35 3 3 3 3 3 3 3 35 35 35 3 3 29 29 46 43 43 29 29 29 46 5 5 5 5 5 5 5 5 5 5 5 5 5 5 5 5 5 5 5 5 5 5 5 5 46 46 11 42 34 42 35 46 22 43 43 43 43 43 22 22 22 26 26 26 26 42 26 35 26 42 33 33 33 35 35 35 47 47 
31 31 32 32 32 32 32 32 32 3 32 32 32 32 32 32 32 32 32 32 35 29 32 35 35 29 29 3 43 43 22 22 22 43 43 29 29 4 4 4 4 4 4 16 12 20 20 41 41 41 41 41 41 41 41 41 41 41 41 41 41 41 41 41 41 41 41 41 41 41 41 11 46 46 46 11 11 11 12 46 16 16 4 4 4 29 29 29 29 29 29 46 42 42 27 42 26 26 26 26 26 26 33 33 33 33 33 32 33 35 35 35 35 35 33 35 33 33 47 47 47 
33 26 26 26 26 26 26 26 26 26 26 33 33 32 32 35 32 32 31 46 29 29 29 29 29 4 4 4 4 4 4 4 16 36 36 36 36 36 36 36 36 36 36 36 36 36 36 36 36 36 36 36 36 36 36 36 36 36 36 36 36 36 36 36 25 36 12 16 16 16 16 29 29 16 29 29 29 29 3 26 33 26 26 26 26 26 27 26 27 27 27 27 27 26 27 27 27 27 33 33 33 33 33 33 33 33 47 47 
33 33 33 26 32 32 32 32 32 32 32 32 32 32 32 35 35 33 26 31 29 29 4 4 4 4 4 4 4 4 4 4 4 16 41 28 36 5 5 5 5 5 5 5 5 5 5 5 5 5 5 5 5 5 5 5 5 5 5 5 5 5 5 5 5 5 5 28 28 28 28 28 28 28 24 24 46 46 35 48 48 48 48 48 24 34 34 34 34 34 24 24 46 46 46 29 29 29 29 29 47 26 26 27 26 26 26 26 26 33 33 33 32 32 32 32 32 32 3 32 32 32 32 32 32 32 47 47 47 
31 31 31 35 35 35 32 26 26 35 29 29 35 35 35 33 33 33 33 35 35 35 29 29 4 46 30 44 12 5 5 5 5 5 5 5 5 5 5 5 36 36 36 36 36 50 50 50 28 28 12 25 25 25 25 24 35 22 22 22 22 22 22 42 42 42 42 35 35 35 35 35 32 35 35 35 35 35 35 35 35 35 47 47 
31 31 26 32 3 32 3 32 32 3 3 3 3 3 32 32 32 32 31 31 29 29 29 4 4 4 16 16 16 16 16 16 16 16 16 16 16 16 16 16 16 16 16 16 16 16 16 16 16 28 28 28 28 28 28 28 36 28 28 25 24 16 29 29 29 29 29 29 35 24 26 33 32 26 32 33 26 35 33 26 26 32 32 32 32 47 47 47 
31 31 31 32 3 3 3 3 3 3 3 26 27 26 3 3 22 22 22 29 29 4 4 4 46 10 10 10 44 44 44 12 17 12 12 12 12 12 12 12 12 12 12 12 12 12 12 17 46 46 5 11 34 34 24 46 43 43 43 43 43 43 43 43 22 22 26 33 33 33 33 33 33 35 32 32 3 3 3 3 3 3 3 3 3 3 3 3 3 3 3 47 47 
31 31 31 32 32 3 3 3 3 3 32 32 32 32 3 32 32 32 3 32 29 29 22 26 22 32 32 32 3 35 3 32 42 31 29 29 29 4 4 16 16 12 10 10 10 41 41 41 41 41 41 41 41 41 41 41 41 41 41 41 41 41 41 46 46 46 46 46 46 46 11 11 12 25 12 12 46 46 46 46 46 24 24 25 25 25 25 25 25 25 25 25 24 24 24 24 24 24 24 24 24 24 24 24 
43 22 3 3 3 35 33 27 42 35 35 31 31 26 29 16 33 27 10 10 12 12 12 12 12 12 12 12 12 12 12 12 12 12 12 12 12 12 12 12 12 12 12 25 24 35 35 46 29 35 35 35 33 33 33 42 27 27 33 27 27 33 24 24 46 46 24 24 24 24 24 24 
31 31 32 32 3 32 32 32 32 32 32 32 32 32 32 32 32 32 26 26 26 41 35 35 3 3 35 32 32 32 31 29 29 4 4 4 16 36 36 36 36 36 36 36 36 36 5 5 5 50 50 50 50 17 17 17 44 46 16 4 29 29 26 26 26 26 33 33 32 32 32 33 33 32 32 32 32 32 32 32 32 32 32 32 32 32 32 47 47 
31 31 31 32 32 32 32 3 3 32 3 3 32 3 35 42 42 3 42 35 22 22 26 22 22 22 22 22 32 31 31 31 29 13 14 4 29 47 26 26 26 26 27 26 33 33 33 33 35 35 3 3 32 3 22 29 29 43 43 29 25 44 44 44 44 44 44 44 44 44 44 44 44 44 44 44 44 44 44 44 44 44 44 17 17 44 17 17 17 17 45 45 45 45 15 15 34 24 35 35 22 22 47 42 42 42 27 25 24 25 24 24 24 35 35 35 35 32 35 32 35 35 33 47 47 47 
31 31 31 32 32 32 32 32 32 3 32 32 33 26 26 26 26 26 26 26 26 22 22 26 26 26 26 26 26 26 26 26 26 26 33 31 31 32 13 43 26 29 29 4 4 4 4 4 4 4 4 16 41 41 41 28 28 28 28 28 28 28 28 28 28 28 28 28 28 28 28 46 46 46 46 46 46 46 46 46 46 42 28 28 46 16 18 4 4 29 29 47 42 26 42 27 27 33 33 33 35 33 32 35 35 32 32 32 32 32 3 32 32 32 32 32 32 47 47 47 
31 31 31 3 3 3 3 3 3 3 3 3 3 3 3 3 32 32 22 29 29 29 29 4 4 4 4 29 24 10 12 44 30 30 30 17 17 17 17 17 30 30 12 12 12 30 12 27 30 30 30 30 30 30 30 33 30 33 27 27 24 24 24 24 35 29 29 29 29 29 29 29 22 26 26 26 26 26 26 26 26 32 32 42 32 35 47 47 47 
31 31 32 32 33 32 32 32 33 26 32 26 26 26 26 26 32 26 33 26 31 29 4 29 43 43 4 43 29 29 43 3 3 35 35 33 33 35 29 16 16 29 4 4 4 4 4 4 4 4 18 20 23 17 17 23 23 23 23 23 23 23 23 23 23 23 23 23 23 23 23 23 23 17 17 17 17 23 17 17 23 17 17 12 46 46 46 16 4 4 4 4 4 4 4 4 4 4 4 29 29 47 35 35 33 33 33 27 27 33 33 33 27 27 27 33 24 24 24 24 33 24 24 24 33 24 24 24 24 33 24 24 24 
33 33 31 32 3 3 3 3 3 3 3 3 3 32 33 32 22 22 29 29 29 29 29 29 47 30 30 30 30 30 30 30 30 30 30 30 30 30 30 30 30 30 30 30 30 30 30 30 30 17 30 30 30 30 30 10 25 24 46 29 29 29 29 46 47 47 26 26 26 26 26 26 26 26 26 26 33 26 33 33 33 33 33 33 26 47 47 
31 31 31 3 3 3 3 32 32 32 32 32 32 3 32 3 3 3 3 32 32 29 43 32 33 35 22 22 22 29 29 29 29 29 29 29 29 29 29 29 4 16 12 30 30 30 30 30 30 30 30 30 30 30 30 30 30 30 30 17 17 17 17 17 17 17 17 30 30 30 34 34 25 33 35 32 32 35 32 35 33 32 33 33 33 35 35 33 33 35 33 35 35 35 35 35 35 35 35 47 47 
31 31 3 3 32 32 3 3 3 3 31 31 29 4 4 4 16 5 5 5 5 5 28 28 28 28 28 5 5 5 44 44 5 36 28 36 36 36 25 25 25 25 35 31 29 43 43 22 47 26 26 26 26 26 33 33 32 32 3 3 3 3 3 32 3 3 3 3 47 47 
31 43 3 32 3 3 3 3 3 22 22 22 22 43 43 22 29 29 29 29 47 10 44 44 30 30 30 30 30 30 30 30 30 44 44 44 27 27 30 27 27 27 44 44 30 44 45 45 15 15 30 30 15 42 35 29 29 29 29 43 43 43 43 29 22 22 22 26 3 3 3 3 3 3 3 3 3 3 3 3 3 47 47 
31 31 32 32 32 35 32 32 33 32 32 32 32 32 32 32 32 26 26 26 29 16 46 47 47 26 32 33 32 32 32 32 32 32 3 3 32 26 26 3 29 31 29 29 4 4 16 12 33 41 41 41 41 41 41 41 41 41 41 41 41 41 46 46 46 46 46 46 35 42 24 24 34 35 29 29 29 29 4 4 4 16 46 47 47 26 26 27 27 27 27 27 27 27 27 33 33 33 35 33 35 35 35 33 35 35 35 35 32 32 47 47 47 
31 35 35 35 3 3 3 3 3 3 32 26 32 35 32 31 31 29 29 29 4 4 16 16 29 27 30 17 17 17 17 17 23 17 17 17 17 17 17 17 17 17 17 17 17 17 17 17 17 17 17 17 17 17 30 30 30 30 30 17 30 30 11 35 46 29 43 4 29 29 29 29 29 29 22 35 22 35 42 42 33 33 33 35 24 35 35 35 3 35 3 3 32 35 3 3 47 47 
31 31 33 33 33 33 33 33 33 32 33 33 33 33 33 33 33 33 33 32 32 22 32 32 3 3 3 3 3 33 32 32 32 35 46 46 35 31 29 4 29 4 4 16 36 50 50 16 16 16 16 16 16 16 16 16 16 16 16 16 16 16 16 16 16 16 16 16 16 16 28 16 16 16 50 11 12 7 25 24 29 29 29 29 29 29 47 3 26 26 26 26 26 26 26 42 42 42 42 42 33 42 42 42 42 42 33 42 42 33 42 33 35 42 42 
31 31 31 32 3 3 3 3 3 3 3 3 3 3 3 3 3 3 3 32 31 31 29 4 13 14 14 14 4 14 4 16 36 28 28 28 28 28 28 28 28 28 28 28 28 28 28 28 28 28 28 28 28 28 28 28 28 28 28 28 28 28 46 46 29 29 29 4 29 29 29 3 47 47 26 26 26 26 3 3 3 3 3 3 3 3 3 3 47 47 
31 31 31 32 32 32 32 32 32 32 22 22 3 3 3 22 3 32 3 3 22 29 29 46 30 30 30 30 30 30 30 30 30 30 30 30 30 30 30 33 5 35 5 5 5 5 27 27 27 27 27 42 42 42 42 42 42 42 42 42 42 26 26 24 24 24 24 24 42 42 42 42 42 26 33 33 32 32 32 32 47 47 47 
31 31 31 32 3 3 32 32 32 32 3 3 3 32 31 35 46 29 29 29 3 47 12 10 41 41 41 41 41 41 41 41 41 41 41 41 41 41 41 41 41 41 41 41 41 41 41 41 41 11 11 11 10 25 25 46 29 29 29 29 29 29 47 26 27 27 42 42 42 26 26 26 33 33 26 26 33 33 33 33 35 35 35 35 35 35 35 35 47 47 
31 31 31 3 32 32 35 33 35 32 3 3 32 35 22 22 22 22 29 29 29 16 16 20 5 5 5 5 5 5 5 5 5 5 5 5 5 5 5 5 5 5 5 5 5 5 22 22 22 22 22 42 35 22 22 22 35 42 42 32 35 24 46 35 35 46 29 29 29 29 29 29 46 46 46 35 22 42 42 42 27 42 27 27 27 27 42 27 27 42 27 42 27 27 33 42 27 27 27 27 26 27 27 27 27 27 27 
31 31 33 33 33 33 33 32 35 32 32 32 3 32 32 35 3 3 26 22 29 29 29 4 4 4 16 36 27 5 5 5 5 5 5 5 5 5 5 5 30 30 27 27 30 27 30 30 27 5 42 42 42 42 42 25 25 25 25 24 24 29 29 29 29 29 29 29 22 22 26 26 26 26 26 26 26 33 33 35 32 35 35 35 32 47 47 47 
31 31 31 3 3 3 3 3 3 3 22 3 3 32 3 3 3 3 32 3 32 29 29 32 32 3 43 22 29 3 3 27 33 31 29 29 29 29 29 4 4 4 4 4 16 12 41 41 41 41 41 41 41 41 41 41 41 41 41 41 41 41 41 41 41 41 41 41 41 41 41 41 41 41 41 46 16 16 16 16 16 16 16 21 16 21 46 46 46 46 46 16 16 4 4 4 4 29 29 29 3 3 26 32 32 33 32 32 29 32 29 43 43 3 3 3 3 3 3 32 3 3 3 3 47 47 
33 31 31 32 32 3 32 32 32 32 32 32 3 22 42 22 22 22 22 22 22 22 4 4 22 3 43 43 43 14 4 46 24 47 3 3 26 3 35 31 29 29 4 16 12 10 12 41 41 41 41 41 41 41 41 41 41 41 41 41 41 12 12 12 17 17 17 12 12 12 12 12 12 12 12 24 24 46 46 29 29 22 3 47 26 42 27 33 27 27 33 33 29 29 22 3 33 29 35 33 26 35 33 33 47 47 
31 31 31 3 3 3 32 3 32 33 42 35 42 42 42 33 33 33 32 32 32 22 3 3 43 3 32 3 22 3 32 32 33 3 26 26 22 22 22 43 43 29 29 12 17 41 17 17 23 23 23 23 23 23 23 23 23 23 23 23 17 17 17 17 17 17 17 17 17 17 17 17 17 17 46 6 46 6 11 11 28 24 42 35 46 46 46 29 29 46 46 24 24 24 24 25 25 27 27 27 27 33 35 35 24 35 35 35 47 47 47 
26 26 33 26 26 26 26 26 32 32 32 29 46 35 35 32 32 42 42 31 29 29 4 4 4 4 4 4 16 10 10 10 10 41 10 10 10 12 12 10 10 12 12 12 12 12 12 12 12 10 25 24 46 29 4 4 4 4 4 4 4 4 29 29 29 29 3 35 35 33 35 35 24 24 24 35 35 35 35 3 22 22 22 35 35 35 35 35 35 47 47 47 
31 33 33 35 35 35 35 35 35 32 3 35 35 3 35 35 32 31 31 29 29 4 4 4 4 4 4 4 4 46 10 5 5 5 5 5 5 5 5 5 5 5 5 5 5 5 5 5 5 5 5 5 5 5 5 26 26 30 30 30 30 30 26 26 26 27 15 42 15 15 42 42 15 15 15 15 15 42 15 15 34 42 42 29 29 29 29 29 29 26 27 42 42 27 42 42 33 33 33 33 35 33 33 35 35 35 35 35 35 33 33 33 35 35 47 47 
31 31 33 32 32 32 32 32 32 32 32 32 32 32 3 32 32 26 26 26 22 29 29 29 4 4 4 4 4 33 30 10 30 44 30 44 44 44 44 30 30 30 30 30 30 30 30 30 30 30 30 30 30 30 30 30 27 31 29 29 29 22 22 26 26 26 26 27 27 27 26 27 33 33 33 33 35 35 33 32 35 35 35 35 35 32 35 47 47 47 
31 31 3 3 3 3 3 3 3 3 3 3 3 32 32 33 33 26 26 26 31 31 29 29 4 4 4 4 29 47 10 44 44 44 44 44 44 44 44 44 44 44 44 44 44 12 10 44 9 9 9 9 9 9 15 15 15 15 15 15 10 10 10 9 25 25 25 25 25 27 27 33 33 33 33 33 26 26 26 33 26 32 33 26 33 32 32 26 32 32 33 47 47 47 
33 33 33 33 32 32 32 32 32 32 32 32 32 32 32 32 32 32 31 3 29 29 29 12 19 41 41 41 41 41 41 41 41 41 41 41 41 41 41 41 41 41 41 46 46 46 46 46 46 46 46 46 46 46 11 34 34 24 24 46 18 29 29 22 22 47 47 42 33 33 33 33 33 33 32 32 22 22 32 32 32 32 32 32 32 32 33 47 47 47 
31 31 32 32 32 32 32 32 3 3 3 32 3 3 3 3 32 32 3 3 26 26 32 22 22 22 22 29 29 42 10 44 44 44 44 44 44 44 44 44 44 44 44 44 44 44 44 44 44 44 44 44 44 44 44 44 44 44 44 44 44 10 10 10 10 25 25 24 35 35 35 35 26 42 42 35 35 26 26 33 26 26 26 35 33 35 33 35 35 3 3 3 32 3 47 47 
31 31 31 32 3 3 3 32 3 32 32 3 32 32 3 3 31 31 29 29 29 4 4 4 20 36 19 41 41 41 44 27 44 41 44 44 44 44 44 44 44 44 44 44 27 27 27 44 44 15 15 15 15 15 15 15 15 24 46 29 29 29 29 46 42 42 42 42 42 35 35 35 35 3 3 3 3 3 3 32 35 3 47 47 47 
31 31 31 32 3 26 32 26 32 32 22 22 22 22 32 32 32 32 32 31 31 29 4 3 3 3 29 29 43 14 13 47 47 47 26 26 32 31 31 29 29 4 4 4 4 4 16 40 10 10 44 44 44 44 44 44 44 44 44 44 44 44 44 44 44 30 30 30 30 30 30 34 34 34 34 24 35 22 43 29 22 22 3 26 26 26 26 26 26 26 26 26 33 32 26 32 32 32 32 32 47 47 47 
31 31 31 3 32 32 32 32 32 3 3 32 35 35 35 3 32 32 32 35 29 29 29 32 32 32 35 32 32 27 27 32 33 28 29 29 29 29 29 29 29 29 29 29 10 36 36 36 41 20 23 23 41 41 41 41 41 23 41 41 41 41 17 17 30 17 30 17 17 44 30 30 30 30 30 30 15 15 15 15 27 46 4 13 13 4 4 4 4 29 29 29 29 47 47 26 26 26 26 26 27 27 27 33 33 33 33 33 35 24 24 24 24 35 24 24 24 24 35 35 47 
31 31 3 3 3 3 33 29 29 29 29 4 4 4 4 16 41 41 41 20 20 20 20 20 16 16 16 16 16 16 16 41 41 41 41 41 50 50 28 28 28 28 11 12 25 24 46 29 4 4 4 4 4 29 29 29 46 26 26 32 32 3 3 32 3 3 3 3 32 35 3 3 3 3 3 3 3 3 3 3 3 3 47 47 47 
33 31 35 35 33 33 35 35 35 33 32 32 35 33 35 32 32 22 32 22 3 29 29 35 35 46 16 33 35 26 50 29 12 12 12 12 41 41 17 17 17 17 30 17 30 17 17 17 17 17 17 17 17 30 30 30 30 29 29 29 29 29 29 29 4 29 46 24 24 27 24 24 24 24 35 35 35 35 32 35 35 32 35 32 32 3 3 3 32 35 35 35 35 35 47 47 33 
