31 31 31 32 32 31 31 3 13 43 22 47 26 3 3 26 26 26 26 31 31 14 8 8 8 8 8 8 14 4 16 11 46 46 46 50 50 50 50 50 50 41 11 12 12 30 17 46 46 17 11 12 12 34 34 34 34 34 34 34 34 34 34 34 34 42 42 42 35 42 42 42 35 42 26 26 26 26 35 35 35 35 33 32 32 47 47 47 
26 26 26 26 26 26 26 27 26 26 26 26 26 26 26 26 26 26 26 26 26 32 33 32 26 32 32 32 3 31 31 29 13 13 14 14 14 14 14 14 14 18 46 45 45 45 50 50 50 45 45 45 45 45 45 15 15 15 15 15 15 15 15 39 12 39 15 15 15 24 1 1 33 42 42 25 25 24 32 27 42 26 26 26 26 3 42 26 26 33 33 32 32 32 32 32 32 32 47 3 3 
31 31 31 32 32 35 32 32 32 32 35 32 32 33 35 35 32 32 35 31 33 13 13 3 47 47 32 32 35 31 43 13 13 13 14 14 14 14 14 14 14 8 2 2 18 46 46 46 46 46 46 11 11 11 12 10 10 10 10 10 10 12 12 12 12 12 34 34 24 24 24 24 24 42 42 42 35 35 35 32 32 35 35 35 35 35 24 35 35 32 35 35 35 32 47 47 47 
31 31 31 3 3 32 32 3 3 3 3 3 3 3 32 32 32 3 31 3 43 13 22 43 3 3 3 3 26 31 43 13 13 13 14 14 14 14 14 18 46 46 46 17 17 30 30 30 30 30 30 30 30 30 30 27 30 30 30 25 24 25 25 25 24 25 24 24 33 35 35 35 35 35 32 32 35 35 35 35 35 35 35 35 35 35 35 35 47 47 
31 31 31 3 3 3 32 3 3 3 32 3 3 3 32 3 3 3 32 32 32 31 31 13 13 14 14 14 14 14 14 14 14 14 13 46 11 45 45 45 45 45 45 45 45 45 45 45 45 17 44 45 45 44 44 44 44 44 30 30 30 30 30 30 30 30 15 34 34 34 34 34 42 34 34 34 24 42 42 33 42 33 33 42 35 35 35 33 35 35 35 33 32 33 32 47 47 
31 31 31 3 3 3 3 32 3 3 3 3 3 32 3 3 22 35 32 3 31 31 43 13 13 14 14 14 14 14 8 8 8 8 8 8 8 8 2 16 50 50 50 50 50 50 50 50 50 50 50 50 50 17 50 50 28 16 16 16 16 12 12 17 17 30 30 30 15 34 34 34 34 34 34 34 34 42 42 42 42 42 42 42 42 42 42 42 42 42 42 33 26 33 33 33 33 42 42 42 33 33 42 33 
31 31 31 32 32 32 32 35 32 32 3 32 32 22 3 32 3 32 32 31 31 29 13 14 14 14 14 14 8 8 8 8 8 14 14 18 46 12 11 12 12 12 12 12 12 12 12 12 12 10 10 10 25 25 10 10 12 12 12 12 34 25 25 24 24 24 24 24 42 33 33 32 32 32 3 32 35 32 3 3 35 35 35 35 32 35 47 47 47 
31 31 31 32 32 32 3 32 3 32 32 22 3 3 32 32 3 32 32 31 3 43 43 13 13 13 14 14 14 14 14 14 14 13 47 47 17 17 17 17 17 17 17 17 17 30 30 30 30 30 30 30 30 17 12 30 30 15 15 15 15 15 15 15 34 34 34 34 34 25 25 24 42 33 32 32 35 32 35 35 35 32 32 32 32 32 32 32 32 32 32 32 33 47 47 47 
31 31 31 3 3 3 3 3 32 3 32 32 32 3 3 3 32 3 3 3 32 22 22 42 42 26 26 26 26 27 27 26 26 33 33 33 35 31 33 31 13 13 14 14 14 14 14 14 8 8 8 8 8 14 14 46 11 6 6 17 6 17 17 17 17 17 17 17 30 30 15 15 30 30 30 30 30 30 30 34 34 34 34 34 34 24 24 35 46 48 46 46 46 24 24 35 24 24 24 42 24 24 24 24 24 35 35 35 24 24 24 35 26 35 35 35 35 35 47 47 
31 31 31 32 3 3 3 32 33 32 35 32 35 35 35 3 3 3 3 3 3 31 3 43 4 3 43 3 32 3 3 32 32 32 32 32 32 32 32 3 3 32 3 31 31 43 13 13 14 14 14 14 8 8 8 8 8 8 14 18 50 50 50 50 50 21 21 50 21 21 50 50 50 50 50 12 46 46 5 12 12 25 25 25 34 34 34 34 42 42 22 22 26 26 42 42 42 26 42 42 42 42 35 35 24 24 24 35 35 35 35 35 35 35 35 35 3 35 35 35 35 3 3 35 24 24 33 35 35 35 35 35 35 35 35 35 32 32 35 35 32 32 35 35 35 35 35 35 32 32 22 47 47 
31 31 31 32 32 3 3 32 35 35 35 35 35 3 3 35 3 3 31 31 31 13 13 14 14 14 14 13 46 46 5 5 5 5 5 5 5 5 5 30 30 30 30 30 30 30 27 42 42 24 25 34 34 34 34 42 24 42 35 35 35 35 35 35 35 35 35 35 35 35 35 3 35 35 35 35 35 47 47 47 
31 31 31 32 35 35 35 35 35 33 35 33 35 32 32 32 32 32 31 31 13 13 22 43 43 43 32 32 32 3 43 22 3 32 33 33 33 33 31 31 13 13 14 14 14 8 8 8 8 8 8 8 8 8 8 18 16 46 16 16 16 16 16 16 16 16 41 41 11 30 10 10 12 50 50 50 50 50 11 25 25 34 34 34 34 34 25 25 25 25 25 25 25 24 42 24 33 24 24 33 24 24 24 24 24 24 33 33 24 24 35 35 35 35 35 47 47 
31 31 31 32 3 32 32 32 33 24 35 33 35 24 24 24 33 33 42 33 31 43 43 43 29 3 26 43 13 26 26 26 32 32 32 32 31 31 31 13 13 13 14 14 8 8 8 8 8 8 8 8 2 2 16 36 36 36 36 36 36 36 36 36 36 36 36 36 36 36 36 36 36 36 36 25 25 25 25 25 25 25 25 46 24 27 27 27 27 24 24 24 24 24 35 35 35 35 35 35 35 35 32 32 33 33 35 33 33 35 47 47 47 
31 31 31 32 32 32 33 33 33 32 32 32 32 32 32 32 32 32 33 32 3 3 3 32 32 32 32 33 33 31 43 13 13 14 8 8 14 8 8 8 8 8 8 8 8 8 8 4 18 46 28 28 28 28 28 28 28 28 42 44 12 12 46 46 46 28 11 24 28 24 24 11 34 34 34 34 34 34 34 34 34 34 34 34 34 34 34 34 34 34 42 42 35 32 42 26 27 27 27 27 33 33 33 26 33 33 33 33 32 32 32 32 32 3 32 3 32 3 32 32 32 47 47 47 
31 31 35 27 33 35 33 33 33 35 35 33 35 35 35 33 35 35 35 42 35 42 42 42 24 32 35 24 24 35 33 24 35 46 35 46 18 13 13 14 14 14 14 14 14 14 14 18 46 11 11 17 11 17 30 30 30 44 15 15 15 25 25 44 11 11 11 11 11 25 25 25 25 34 34 34 24 24 24 24 24 24 24 24 24 24 24 24 24 24 24 24 24 24 24 24 24 24 24 24 24 24 
31 31 31 3 3 32 3 3 32 3 32 32 32 32 3 29 3 3 32 31 31 13 14 14 14 8 8 8 8 8 8 8 18 16 16 16 16 16 16 16 16 16 16 28 28 28 24 25 25 25 25 28 28 28 28 25 25 25 25 24 24 25 24 42 26 26 26 42 42 42 42 26 32 33 32 35 35 32 32 32 3 35 35 32 35 35 35 47 47 47 
31 31 31 3 32 3 3 32 3 3 3 3 3 3 3 3 32 35 33 31 29 13 13 14 14 8 8 8 8 8 8 2 18 46 7 17 17 17 17 17 17 17 17 17 45 39 39 39 39 39 39 12 12 10 25 34 34 34 34 34 34 34 34 34 34 34 34 25 25 25 25 24 24 24 25 24 24 24 24 24 24 35 24 24 35 35 35 35 35 32 3 3 35 35 3 26 22 26 35 24 35 3 3 3 3 32 3 3 3 3 26 26 3 32 32 3 3 3 3 3 3 3 3 3 3 3 47 47 
31 31 31 3 32 3 3 3 3 3 32 3 32 32 3 3 32 3 31 31 29 4 29 32 43 13 3 46 16 13 4 8 8 8 8 8 8 8 8 8 18 46 16 46 46 16 46 41 41 41 41 41 41 41 12 36 16 16 41 41 41 50 46 11 11 34 34 34 34 24 34 34 34 34 34 34 34 34 34 34 24 42 24 24 24 24 24 24 24 24 24 24 35 35 35 35 35 35 35 35 35 35 47 47 
31 31 3 3 3 3 3 3 3 3 32 33 31 43 13 13 13 14 14 14 14 14 14 14 14 13 16 46 23 23 23 23 23 23 23 12 12 12 10 25 12 12 10 12 12 12 10 10 25 34 34 34 34 34 42 25 25 12 25 24 24 24 24 24 24 24 24 24 24 33 24 24 24 25 25 25 25 25 
31 31 31 32 3 32 32 32 32 3 3 32 32 3 3 3 3 32 3 31 3 43 43 3 43 43 22 22 22 26 26 26 29 29 26 32 3 32 32 32 32 3 3 3 32 32 26 31 43 13 14 14 14 8 14 14 14 18 50 50 50 50 50 50 50 50 50 50 50 50 50 50 50 50 50 50 50 50 50 50 50 11 11 11 11 11 46 46 29 29 29 29 29 32 35 26 26 42 33 35 32 32 32 32 32 32 32 32 26 32 32 35 35 47 47 47 
31 31 31 3 3 32 32 3 32 32 32 32 35 33 35 26 32 32 32 31 26 29 13 43 3 47 3 32 32 32 3 43 33 33 31 43 13 13 13 14 14 14 14 14 14 14 14 14 14 14 14 13 47 30 30 44 44 44 45 44 45 44 44 15 15 15 15 15 15 15 44 44 44 44 44 44 44 15 15 15 15 25 25 25 25 25 25 25 25 25 25 25 25 24 24 42 33 33 33 24 35 24 24 33 35 35 35 35 35 47 47 
31 26 26 26 26 26 32 26 26 33 33 32 32 32 32 32 32 32 32 33 31 13 14 8 8 8 8 8 8 8 8 8 8 18 16 46 16 16 16 50 46 28 11 11 50 50 11 11 28 28 28 46 24 24 24 34 34 34 34 34 34 24 35 35 42 24 24 24 24 24 24 24 24 24 24 24 35 35 35 35 35 35 35 35 35 35 47 47 
31 31 31 3 32 3 32 3 3 32 32 3 3 3 3 3 3 3 3 31 31 43 13 14 14 14 14 8 8 8 8 14 14 46 30 30 17 17 17 17 17 17 30 17 30 30 30 30 30 30 12 10 30 30 24 24 24 34 34 34 24 24 24 24 42 42 42 42 42 42 32 32 35 3 35 35 3 32 35 3 32 35 35 35 47 47 47 
31 31 31 32 32 32 32 32 32 32 33 33 27 33 32 32 26 26 31 31 31 4 4 43 29 29 29 32 3 29 35 32 31 43 13 14 14 8 8 8 8 8 8 8 8 8 8 2 18 18 23 23 23 23 23 23 23 23 23 23 23 23 23 23 16 12 23 23 23 23 23 23 12 12 24 12 24 24 24 24 24 24 24 24 24 33 33 33 33 33 33 33 33 33 33 27 27 33 27 27 33 27 27 27 33 27 27 27 33 26 27 
31 31 31 3 3 32 32 3 32 32 3 3 32 3 3 32 3 3 32 32 32 32 29 22 3 32 32 3 3 32 32 32 32 3 3 32 3 31 31 13 13 14 14 8 8 8 8 14 18 30 46 46 30 30 30 30 30 30 30 30 30 15 15 15 30 15 30 30 15 30 30 34 34 34 34 34 34 34 34 34 34 42 42 42 42 24 42 42 24 35 35 35 32 35 35 32 35 32 3 32 3 32 3 32 33 47 47 
31 31 31 3 3 3 32 32 32 32 32 32 3 3 3 32 32 32 32 3 29 29 32 3 3 3 32 32 32 32 35 3 3 31 31 29 4 13 4 14 29 47 43 43 32 32 33 43 43 33 33 27 27 33 31 4 2 8 8 8 8 8 8 8 8 8 8 8 8 14 16 16 11 30 30 30 30 30 30 30 30 30 30 30 15 15 15 15 15 15 30 30 46 46 12 25 1 25 25 34 34 34 34 34 25 24 42 42 42 42 35 33 35 35 24 35 24 35 35 33 35 35 33 35 33 33 33 47 47 
31 31 31 32 32 3 3 3 31 31 13 13 14 14 8 8 8 8 8 8 14 13 46 28 28 5 28 5 5 44 15 15 25 15 15 44 44 44 44 34 25 25 25 34 34 42 42 34 25 25 25 24 24 25 24 24 24 24 24 24 35 24 24 24 24 24 24 24 24 42 
31 31 3 3 3 3 3 3 3 3 3 3 32 32 3 3 3 3 3 31 22 43 13 13 14 14 14 14 14 14 14 14 14 14 18 46 11 50 50 50 50 44 44 44 50 45 30 30 35 46 35 42 45 45 42 15 15 34 34 34 34 34 34 25 34 24 42 35 35 32 3 3 3 26 26 3 3 3 3 3 3 3 3 3 3 47 47 
31 31 3 32 26 26 32 33 33 3 32 33 33 26 26 32 32 32 26 26 43 43 3 32 33 35 35 3 22 32 35 32 42 42 35 35 16 16 43 43 13 13 43 43 22 22 22 32 32 3 3 32 32 32 32 33 31 43 13 14 14 8 8 8 8 8 8 2 46 16 46 16 16 16 16 16 16 16 46 46 12 12 12 12 46 46 16 46 46 24 24 25 25 34 34 34 34 42 42 42 42 42 42 34 24 42 42 42 42 42 24 24 24 24 24 24 24 24 24 24 24 24 35 35 24 35 43 43 35 35 35 35 35 32 33 33 32 32 32 3 32 32 32 32 3 3 32 32 32 32 32 32 35 32 47 47 47 
31 31 31 3 3 3 3 3 3 3 3 3 3 3 3 3 3 3 35 32 22 35 31 31 43 13 13 14 14 14 14 14 8 8 8 14 14 14 14 16 23 23 23 17 17 17 17 17 23 17 17 17 12 12 12 44 17 17 39 39 39 39 30 10 34 34 34 34 34 34 34 34 42 24 42 42 42 42 42 42 42 33 26 42 26 42 33 33 33 35 35 35 35 35 47 47 47 
31 31 31 3 32 32 32 33 33 32 33 32 33 35 46 48 24 24 24 42 22 43 43 13 13 14 14 14 14 8 8 8 8 8 8 8 8 14 18 16 50 50 50 50 50 16 16 16 16 16 16 41 41 41 41 41 41 41 12 12 12 25 25 25 25 34 34 25 25 25 34 25 34 34 42 42 42 26 42 42 42 42 42 42 42 42 42 42 42 42 42 26 26 32 22 22 26 26 33 32 3 3 3 3 3 3 3 3 32 3 3 32 3 32 3 3 3 3 32 3 3 3 3 3 32 31 31 43 13 43 47 3 22 3 22 22 22 22 22 26 3 32 3 3 35 3 3 3 3 32 32 35 32 3 32 3 32 32 47 3 
31 31 26 26 26 26 26 26 26 26 26 32 3 3 3 32 26 22 22 31 22 43 13 14 8 8 8 8 8 8 8 8 8 8 8 8 8 2 2 18 16 28 28 28 28 28 28 28 28 28 28 28 36 36 36 16 16 16 28 28 28 28 28 28 36 25 36 25 25 25 25 24 48 24 24 35 42 42 26 26 22 26 26 26 3 3 3 3 3 3 3 3 47 47 
31 31 31 32 32 32 32 3 3 32 32 32 3 3 3 32 32 3 31 31 3 43 43 3 3 32 3 32 32 32 32 33 26 31 31 13 13 14 14 8 8 8 8 8 8 8 8 14 18 46 46 17 17 30 30 30 30 30 30 30 30 30 30 30 30 34 34 24 34 34 24 34 42 27 42 42 42 42 42 42 42 42 42 42 42 42 42 42 42 42 42 42 42 42 42 32 33 32 47 47 47 
31 31 31 32 32 32 32 26 32 27 26 32 32 32 32 32 32 32 32 26 26 43 43 32 32 3 3 3 32 31 31 43 13 14 14 14 8 8 8 8 8 14 18 46 41 41 41 41 41 41 41 41 41 41 41 41 41 10 10 24 24 41 41 41 17 17 30 25 34 34 15 15 25 25 25 25 25 24 24 24 33 33 33 33 33 33 33 33 33 33 24 33 24 24 24 24 35 33 33 24 24 24 
31 31 31 32 3 26 3 32 3 3 32 3 3 3 32 32 32 32 32 31 43 43 13 13 14 14 14 8 8 8 8 14 14 18 50 50 50 50 50 50 50 50 50 50 50 11 12 12 46 46 46 11 11 30 30 30 34 34 34 34 34 34 34 34 34 34 34 34 42 42 42 42 42 42 42 33 24 24 42 42 33 42 24 33 42 42 33 24 24 24 
31 31 31 32 32 32 3 32 32 35 32 32 32 32 32 32 32 3 31 31 31 13 13 14 8 8 8 8 8 8 8 14 46 46 46 46 46 46 35 28 28 35 33 30 30 30 30 30 30 30 30 11 34 34 34 34 34 34 34 34 34 34 42 42 22 42 42 27 27 26 33 26 33 33 33 33 33 35 35 33 32 32 33 32 32 33 35 35 32 35 35 35 35 47 47 47 
31 31 31 3 3 3 32 32 3 32 32 3 3 3 3 32 3 32 32 31 31 43 13 13 13 14 14 8 8 8 8 8 8 8 8 8 8 8 8 8 18 16 16 16 16 16 16 16 16 16 16 16 16 41 41 41 41 46 16 16 46 46 41 50 46 46 46 24 24 25 25 25 25 25 25 34 25 34 25 25 25 25 24 34 34 24 24 24 42 42 32 32 32 32 32 35 32 32 32 47 47 47 
31 31 32 32 32 32 32 32 32 32 32 32 32 32 32 32 32 32 32 3 26 22 29 3 32 31 31 29 13 13 14 14 14 8 8 8 8 14 4 46 12 46 24 30 30 17 17 17 17 17 30 30 30 30 15 15 15 15 15 10 10 30 12 10 25 25 34 34 34 34 48 24 46 46 46 24 24 24 42 42 42 35 42 35 42 42 33 35 42 33 35 24 35 35 24 33 35 35 33 35 35 42 47 47 
31 31 32 32 26 26 26 26 26 26 26 26 26 3 26 33 32 32 35 3 43 43 22 43 43 3 3 32 32 32 32 33 31 31 43 13 13 14 14 14 8 8 8 8 8 8 8 14 18 18 46 46 23 23 23 23 23 23 12 12 12 12 12 12 12 23 46 12 12 12 25 25 34 34 24 24 24 24 24 24 24 24 24 24 24 24 24 24 35 35 35 35 42 35 24 35 35 35 24 35 42 35 24 35 24 24 47 
31 31 32 32 32 26 32 32 33 33 33 33 32 32 33 33 32 33 31 33 29 4 3 47 47 32 3 32 32 3 3 3 3 32 33 33 33 43 29 41 26 26 28 31 29 4 4 4 14 14 14 14 8 8 8 8 8 8 8 14 4 46 46 12 12 12 12 12 12 10 10 24 24 12 10 12 50 50 34 34 34 34 34 34 34 24 24 46 43 43 43 43 43 3 3 35 3 35 35 35 32 32 35 32 3 32 32 32 3 3 47 47 47 
42 42 42 42 42 42 42 42 42 42 42 26 26 32 35 35 35 35 35 32 22 22 43 13 13 14 14 14 8 8 8 8 8 8 8 8 2 16 46 46 5 5 5 5 5 5 5 5 5 5 5 5 46 50 50 50 5 30 30 30 30 45 15 15 15 15 15 15 15 34 34 34 34 34 42 42 27 27 27 27 27 27 26 27 27 26 26 26 26 33 33 33 33 33 33 47 33 
31 31 31 32 32 32 32 32 32 32 32 32 32 3 32 32 3 32 31 3 29 4 22 26 22 22 22 22 26 26 26 32 3 3 3 32 31 31 43 13 13 14 14 8 8 8 8 8 14 18 46 30 30 17 37 17 17 37 37 30 30 30 30 30 30 30 30 17 17 17 17 17 30 30 34 34 34 34 42 35 35 35 35 35 35 24 35 24 24 24 24 24 24 24 24 35 35 35 35 35 35 35 47 47 
31 31 32 32 32 3 3 3 3 3 3 3 3 3 3 3 3 3 32 32 33 33 31 43 43 13 13 13 14 14 14 14 14 13 43 47 30 11 17 17 17 17 44 44 44 44 44 15 10 24 24 35 35 24 25 10 30 15 15 34 34 34 34 34 24 24 24 35 35 35 35 35 24 24 24 42 35 35 35 35 35 32 3 3 3 3 32 47 47 47 
33 33 33 33 33 33 33 32 33 33 33 33 33 32 32 32 3 32 32 32 32 22 22 43 13 13 14 14 8 8 8 8 8 8 8 8 8 8 8 8 8 2 2 16 41 12 41 41 23 23 41 41 41 23 23 12 12 24 25 12 12 23 23 46 30 34 24 34 34 34 34 34 24 34 34 24 25 25 25 25 25 25 25 24 25 25 25 25 24 24 25 24 24 24 24 24 24 24 24 24 24 24 
31 31 31 3 3 3 3 3 3 3 3 3 3 43 3 3 3 3 3 31 43 43 13 13 14 14 14 14 14 14 14 14 14 4 47 15 15 44 44 44 44 44 15 15 15 15 15 15 27 27 27 27 27 15 15 15 15 15 15 15 15 10 10 25 25 25 25 25 25 25 24 35 32 3 26 35 32 35 35 35 32 3 3 3 3 3 3 3 3 3 3 47 47 
31 31 31 33 32 3 3 3 3 3 3 3 3 3 3 3 3 3 3 26 31 43 13 14 14 14 14 8 8 8 8 14 18 46 11 11 7 7 44 7 44 7 44 44 36 36 15 25 12 12 36 10 10 15 15 10 25 25 25 25 34 34 34 24 24 24 46 35 29 29 3 3 32 3 3 32 35 35 32 3 3 32 32 32 32 32 47 47 47 
31 31 3 3 32 32 32 32 32 32 32 32 3 32 32 3 3 3 31 31 43 13 4 29 47 32 26 31 13 13 14 14 8 8 8 8 8 8 8 8 8 8 8 14 46 10 30 11 44 44 44 44 44 44 44 15 15 15 15 15 46 12 30 30 10 10 25 25 25 25 25 34 34 34 42 42 42 24 35 35 35 35 35 32 32 3 3 35 3 35 3 3 35 47 47 47 
31 31 31 32 3 32 32 32 3 32 32 32 32 32 32 32 32 3 3 32 32 32 35 32 3 32 35 24 35 35 31 31 29 13 13 14 14 8 8 8 8 8 8 8 8 8 8 14 18 46 11 23 23 23 23 23 23 23 23 17 30 30 30 30 12 12 30 17 17 17 23 17 12 12 34 25 25 25 34 34 24 24 24 24 35 24 35 35 35 35 35 33 24 33 33 24 24 24 24 24 24 33 24 24 24 33 33 
31 31 31 3 3 3 3 3 3 3 3 3 3 32 26 31 43 13 13 13 14 14 14 14 8 8 8 8 8 8 14 18 16 50 50 50 50 50 50 50 50 50 50 28 44 15 44 44 44 44 44 50 50 50 50 50 50 50 44 34 15 15 34 34 34 34 34 34 34 34 42 42 32 33 26 26 26 26 26 32 3 3 3 3 3 3 3 3 3 3 3 3 3 47 47 47 
33 33 33 33 33 26 26 26 33 33 42 33 33 32 33 33 33 33 35 35 33 3 3 26 31 29 43 32 31 31 13 14 2 2 14 14 14 14 18 46 17 17 17 17 17 17 17 17 30 30 30 30 12 30 30 30 30 30 34 34 34 34 34 34 27 27 33 24 33 24 24 24 24 24 24 24 24 24 24 24 24 24 24 24 24 24 24 25 24 24 25 25 
