31 31 31 32 32 3 32 3 3 3 3 3 33 32 32 3 31 29 46 46 16 18 18 2 2 2 2 2 18 46 48 6 6 11 11 11 39 39 39 39 39 39 39 39 39 39 39 39 39 39 39 39 39 39 30 30 30 30 30 10 10 10 25 25 25 25 42 42 26 26 42 42 42 42 42 33 35 26 33 33 35 35 32 32 32 32 32 35 35 3 47 47 47 
26 26 26 26 26 33 33 33 26 32 32 22 22 3 32 3 3 3 22 22 46 43 46 18 18 18 18 18 18 18 18 18 18 46 6 6 45 45 45 45 39 39 39 39 39 39 39 39 39 39 39 39 39 15 15 15 15 15 44 15 44 44 44 36 44 1 44 44 10 1 10 25 27 27 27 27 27 26 26 26 42 26 26 26 26 26 26 26 26 26 26 35 26 33 26 47 47 
31 31 22 22 22 22 22 42 42 32 42 26 33 35 35 32 3 3 32 33 31 43 13 14 14 14 14 14 14 2 18 18 16 21 21 21 21 21 21 6 11 45 15 15 15 15 15 15 15 15 15 15 15 10 10 10 10 10 10 10 10 1 25 25 25 25 24 24 24 35 35 33 35 33 35 35 35 35 32 35 35 35 35 35 35 35 35 35 35 32 3 47 47 47 
31 31 31 32 32 32 32 32 32 32 32 32 32 32 3 3 3 32 31 31 43 14 4 43 43 43 43 43 3 47 35 33 24 25 24 24 24 46 46 18 18 18 18 18 18 18 18 46 48 37 37 17 45 45 30 39 39 39 39 39 39 39 39 39 39 30 30 41 12 30 30 10 10 27 27 27 27 27 27 27 33 33 33 33 33 33 35 33 33 35 35 35 33 32 35 35 35 32 35 35 47 47 47 
31 31 31 3 3 32 3 3 3 3 3 3 32 3 32 3 3 3 3 31 31 43 13 18 18 18 18 49 46 48 37 45 45 45 45 45 45 45 45 15 15 39 15 15 15 15 15 15 15 15 15 44 30 44 1 44 44 44 44 5 5 27 27 27 27 27 27 26 26 26 26 26 26 27 26 26 26 26 26 33 26 32 32 32 33 47 47 47 
31 31 31 3 3 3 3 32 32 32 32 32 32 26 33 35 32 3 35 24 24 18 18 18 18 2 2 2 2 2 2 2 2 2 18 21 21 6 6 6 6 6 45 45 45 45 7 39 39 39 39 39 39 39 39 39 7 39 39 7 39 44 44 30 30 30 30 30 30 30 30 30 30 10 10 10 10 10 27 27 27 27 27 27 27 27 27 27 27 27 27 27 33 33 33 33 32 32 32 32 32 47 47 47 
31 31 31 32 32 32 3 32 3 32 32 32 3 3 3 32 3 3 35 35 46 46 16 16 16 18 18 18 2 2 2 2 18 18 46 46 11 12 12 38 38 38 38 9 9 9 9 38 38 38 38 9 9 9 9 9 38 10 9 12 10 10 10 27 12 10 27 26 33 26 33 33 33 33 33 26 26 26 26 26 26 26 33 33 32 32 32 33 32 35 35 47 47 
31 31 31 3 32 32 32 32 32 32 32 3 32 3 3 32 32 32 3 31 31 31 13 18 18 18 18 18 46 11 37 37 37 37 37 37 45 45 45 39 39 39 39 39 15 15 39 39 39 30 30 30 30 30 39 15 10 10 10 10 10 19 10 10 25 27 27 27 27 27 27 33 33 33 33 33 33 33 33 32 33 33 32 32 26 32 32 32 32 3 47 47 47 
26 27 31 33 33 32 32 32 32 3 3 3 3 3 3 32 33 32 35 31 31 43 43 13 2 2 2 2 2 2 2 2 18 18 6 37 37 37 45 45 45 11 39 39 39 39 39 39 39 39 39 45 17 17 17 17 30 17 30 30 17 17 12 12 12 10 10 27 33 24 24 24 24 24 24 24 24 24 24 24 24 24 24 24 24 24 24 24 24 35 24 35 24 35 24 24 
31 31 35 33 33 33 33 26 33 33 33 26 33 26 33 33 33 33 33 31 31 43 13 29 4 29 29 43 43 43 13 13 3 47 43 32 33 32 28 28 16 16 16 16 18 18 18 2 2 2 2 2 2 18 21 21 21 21 21 6 50 50 7 7 7 7 39 39 39 39 39 15 9 15 15 15 15 15 15 15 10 25 25 24 35 24 42 33 22 22 26 26 27 27 33 33 24 33 24 24 24 24 33 24 33 33 33 33 33 24 33 33 24 24 24 
31 31 3 3 35 3 35 3 3 3 3 35 3 3 35 35 32 35 35 31 31 13 13 14 2 2 18 18 18 49 48 48 6 37 6 45 45 45 39 39 39 39 39 36 36 36 36 36 36 12 12 12 10 10 10 10 33 42 33 42 35 35 35 35 35 35 35 35 35 35 35 35 35 35 35 35 35 35 47 47 
35 33 31 32 22 22 22 3 32 32 22 22 22 22 22 32 32 32 32 31 31 29 29 32 32 32 3 22 22 43 43 43 43 43 3 3 32 26 26 32 32 32 32 32 33 32 26 26 26 26 26 31 43 18 18 2 2 2 2 2 2 2 18 18 21 11 11 11 11 11 7 7 7 7 7 7 7 7 7 7 7 7 7 7 7 23 41 41 41 41 41 41 41 12 12 40 40 40 25 25 25 25 25 24 43 43 24 24 24 24 24 24 24 24 24 24 24 24 35 35 35 35 33 32 32 35 35 32 32 32 35 32 47 47 47 
31 31 31 3 3 3 3 32 3 32 3 3 32 32 3 3 3 3 32 32 32 29 35 35 3 3 3 3 22 22 3 3 22 3 22 26 26 26 26 26 26 33 35 32 32 35 32 32 31 31 43 13 13 13 14 2 2 2 2 2 2 2 2 18 21 50 36 36 36 36 36 36 36 36 36 36 36 36 36 9 36 36 36 36 36 36 36 36 36 36 1 44 1 44 7 36 12 24 46 46 46 46 46 46 46 46 46 35 35 35 42 35 42 42 35 42 33 42 26 42 42 33 26 26 33 33 33 42 42 
31 31 32 32 32 32 32 33 32 32 32 32 32 3 32 33 33 33 35 35 24 24 18 2 2 2 2 2 2 2 2 2 2 2 2 18 18 49 49 49 48 48 48 48 48 48 37 37 37 11 11 12 36 36 36 9 9 9 38 9 38 39 39 15 44 10 10 10 10 15 15 15 15 15 15 15 15 15 15 10 10 10 10 27 27 27 27 27 27 27 26 27 26 27 27 27 27 26 26 33 33 33 33 33 32 35 33 32 35 33 47 47 
31 31 35 35 35 33 35 35 35 32 35 46 35 35 46 33 33 42 35 35 35 46 16 46 26 33 31 43 13 13 14 14 14 14 13 13 18 46 11 6 6 6 11 45 39 39 39 39 39 39 39 39 39 39 12 12 12 12 12 12 12 40 40 25 25 25 25 27 33 42 42 24 24 24 24 24 24 24 24 35 35 35 35 35 35 35 35 35 35 35 47 47 47 
31 33 26 33 32 3 32 32 32 3 3 32 3 32 32 3 32 32 32 3 3 29 35 16 16 18 2 2 2 2 2 2 2 2 18 18 21 21 49 18 49 49 6 11 11 45 45 39 39 39 7 7 7 11 11 11 11 11 11 28 28 28 28 28 28 28 28 28 15 15 46 11 24 25 11 42 34 34 25 25 25 27 42 26 26 26 26 26 32 33 32 33 33 32 35 35 35 35 33 32 32 35 47 47 
31 31 31 32 32 3 3 32 35 32 3 32 35 33 26 42 35 35 24 24 25 46 18 18 18 18 18 18 46 6 6 6 6 6 6 45 45 39 39 39 39 39 39 39 39 39 39 39 39 39 39 10 10 12 10 10 25 25 25 25 25 27 27 35 35 35 35 35 35 35 3 3 3 3 3 3 3 3 3 3 3 3 3 47 47 
31 31 31 32 3 3 3 3 3 32 3 3 3 26 26 32 26 32 31 26 43 43 35 46 46 25 25 46 18 18 18 2 2 2 2 2 18 18 46 46 11 11 11 11 11 38 38 38 38 38 38 38 38 38 38 38 38 38 38 38 38 38 10 10 10 10 10 34 34 34 34 34 34 25 25 25 24 24 24 24 24 24 25 24 24 24 24 24 24 24 24 24 24 35 35 35 35 35 35 47 47 
31 31 3 3 3 32 32 32 35 35 35 35 35 35 31 3 43 43 13 43 43 13 13 2 2 2 18 18 46 11 11 37 45 45 45 11 7 7 7 7 9 9 9 9 9 7 10 12 12 12 12 12 12 12 12 27 27 25 25 25 25 25 25 25 24 24 25 24 24 24 24 24 24 24 24 24 24 24 24 24 24 24 25 25 
31 31 31 32 32 32 32 32 32 32 32 32 32 32 32 33 33 33 26 26 26 29 4 14 14 14 14 14 2 18 46 45 45 45 45 45 45 45 45 15 15 39 15 15 15 15 15 15 15 39 39 39 44 44 44 44 44 44 15 9 25 24 42 26 35 26 26 26 26 26 26 26 33 26 33 32 32 32 32 32 32 3 32 32 32 32 32 47 47 47 
31 31 31 32 3 32 32 32 3 3 3 3 3 3 3 3 3 31 31 29 29 4 29 43 43 3 3 29 4 29 26 42 26 26 26 42 42 24 25 25 10 24 46 49 18 18 13 13 13 18 18 18 46 45 45 45 45 45 45 45 45 45 45 11 15 15 15 15 15 15 15 15 15 15 15 44 44 12 44 44 10 10 10 10 10 10 10 10 10 1 1 25 25 1 25 25 25 25 24 24 24 35 33 35 33 35 35 35 33 35 32 32 35 32 3 3 32 32 32 47 47 47 
31 31 32 26 32 32 32 32 26 26 26 26 26 26 26 26 26 26 26 26 22 43 43 26 26 26 26 26 26 33 26 33 33 32 32 35 35 35 24 34 46 18 2 2 2 2 2 2 2 2 2 2 18 49 6 6 6 6 21 50 7 7 38 38 38 38 38 38 38 12 12 12 12 12 27 10 10 10 27 10 10 25 25 24 33 33 33 35 35 35 35 35 35 35 32 35 33 33 33 35 35 33 32 33 33 33 32 33 35 47 47 
31 31 31 3 3 3 3 3 3 3 3 3 3 32 3 3 3 32 3 35 24 24 24 18 18 18 2 2 2 2 2 2 2 18 46 37 37 37 37 37 37 45 45 45 45 39 39 39 39 39 39 39 39 39 39 39 30 30 30 30 30 30 30 27 27 27 24 42 42 42 32 42 26 32 32 35 35 35 32 35 35 35 35 35 32 3 32 35 35 47 47 47 
31 31 3 3 3 3 3 3 3 32 3 32 32 3 3 3 3 3 3 3 31 29 29 29 29 4 46 43 35 46 43 43 3 3 3 32 35 31 3 29 29 3 3 31 24 2 2 2 2 2 2 2 2 18 49 49 49 49 6 21 21 50 7 7 7 7 7 7 7 7 7 38 7 7 23 23 23 23 23 19 12 12 19 19 19 12 12 46 24 24 12 12 46 46 46 24 24 24 24 24 26 26 42 42 33 26 26 26 26 33 33 33 33 33 33 33 33 33 27 
31 31 32 3 3 32 32 32 32 32 26 26 26 32 32 33 32 32 35 35 31 43 13 2 2 2 2 18 18 18 6 6 6 6 45 6 7 39 39 39 39 39 39 39 39 39 39 39 39 39 39 39 39 39 39 39 39 39 39 10 10 10 10 10 10 25 25 34 34 42 42 42 35 35 24 24 35 35 35 35 35 35 35 35 35 42 35 42 42 42 35 42 42 42 35 42 
31 31 32 32 32 32 32 32 32 3 32 32 32 33 33 33 33 32 31 32 29 46 35 35 18 2 2 2 2 2 2 2 2 2 18 16 11 45 45 45 45 45 45 45 15 15 15 15 15 15 15 15 15 15 15 15 15 15 15 15 15 15 15 44 15 15 15 27 27 27 27 27 27 33 42 42 33 33 33 33 33 33 33 33 35 35 35 32 35 35 35 35 47 47 
31 31 31 3 3 3 22 22 22 3 3 3 32 32 3 31 31 18 2 2 2 2 2 2 2 2 2 2 18 46 46 46 46 28 38 38 38 9 9 9 9 9 9 9 9 1 1 1 1 25 24 27 33 35 24 24 24 25 25 25 24 25 25 24 24 24 24 24 24 35 35 24 24 35 35 24 35 35 47 
31 31 3 3 3 32 32 32 32 32 32 3 3 3 32 3 3 32 3 3 3 3 26 26 3 32 3 3 3 3 3 3 32 3 3 31 46 46 18 18 18 18 18 18 18 18 46 6 6 37 45 45 45 45 39 39 39 39 39 9 39 38 39 39 39 39 39 27 27 27 27 27 10 10 10 10 10 10 27 27 27 26 26 26 32 26 32 3 32 3 3 3 3 3 3 3 3 3 3 3 3 3 47 47 
24 35 24 24 24 35 35 35 24 35 35 35 35 32 32 32 32 32 32 31 31 29 43 43 43 29 43 43 29 22 22 32 3 32 32 32 32 33 33 33 33 35 43 18 18 18 2 2 2 2 2 2 2 18 18 46 21 16 16 38 38 38 38 38 38 38 38 38 38 38 38 38 38 38 38 38 38 12 12 12 12 12 34 24 35 42 42 42 42 42 42 42 42 42 42 42 42 42 42 24 24 24 24 24 24 24 24 24 24 24 
31 31 31 35 3 22 22 22 22 22 3 22 3 3 35 35 35 35 46 49 18 18 18 18 18 18 18 2 2 2 18 18 18 21 6 6 6 6 6 17 17 39 39 39 39 39 39 39 39 39 39 39 39 39 39 39 39 17 39 10 10 10 10 10 25 25 27 27 27 27 27 42 27 26 27 33 35 35 35 35 3 3 35 35 32 3 3 3 3 3 3 47 47 
33 33 33 33 32 33 33 33 32 33 32 32 32 32 32 32 32 32 31 31 29 4 29 47 47 3 3 32 32 3 43 3 3 3 32 35 33 35 33 31 13 13 13 14 2 2 2 2 2 2 2 18 18 21 50 6 6 6 11 11 11 7 39 39 39 38 38 38 38 7 7 7 7 7 7 41 41 20 20 20 20 20 20 20 20 40 40 40 40 40 25 25 25 25 27 33 42 42 42 42 42 42 42 42 42 24 24 42 42 42 42 33 42 33 42 33 33 33 47 47 
31 31 3 3 3 3 3 3 3 3 3 3 3 3 3 3 3 3 32 3 22 22 22 3 3 3 3 3 3 22 22 3 3 3 33 33 42 32 32 32 3 3 3 3 3 3 3 43 43 3 26 46 25 40 46 18 2 2 2 2 2 2 2 2 2 2 2 2 2 18 18 16 46 28 28 28 28 11 11 39 39 9 9 9 9 9 9 9 9 9 9 9 36 9 9 9 9 10 40 40 40 40 40 40 40 40 27 27 22 22 27 33 26 33 33 33 35 32 32 3 32 32 32 32 32 32 32 3 3 3 3 47 47 
31 31 31 3 3 3 32 32 3 32 32 32 32 32 32 3 3 3 35 24 34 34 34 24 46 18 18 18 18 18 18 46 11 11 37 37 37 37 37 45 45 45 15 15 15 15 15 30 30 30 12 30 30 27 27 30 30 30 30 30 27 10 27 27 27 27 27 27 27 27 33 27 33 33 33 33 35 24 35 24 24 24 24 35 35 35 35 35 24 24 
31 31 32 3 3 32 3 3 3 32 32 32 32 32 32 32 32 32 32 32 43 43 22 4 29 26 33 33 32 3 32 3 3 3 3 32 32 24 25 34 46 18 18 18 2 2 2 2 2 2 18 18 46 11 11 11 11 11 38 38 38 38 38 38 38 38 38 38 38 10 10 10 10 10 10 10 10 10 10 10 10 10 25 27 42 33 33 33 33 42 33 26 42 33 33 33 24 42 42 33 35 32 35 35 35 35 35 35 35 47 47 
31 31 3 3 32 3 32 3 3 32 32 3 3 3 3 3 3 32 32 3 31 3 43 43 31 43 13 18 18 18 18 18 18 18 18 18 18 18 18 46 11 11 6 11 45 45 50 45 45 45 39 39 39 39 39 39 39 39 39 39 39 10 10 10 10 10 10 10 10 10 10 10 10 25 10 27 27 27 27 42 42 27 27 27 27 27 27 27 27 26 42 42 42 33 42 42 42 35 33 33 33 33 
31 31 32 32 32 32 32 32 32 32 32 32 32 32 32 32 32 32 32 32 32 43 43 46 46 46 46 18 18 18 18 2 18 18 18 46 46 11 50 50 50 45 45 39 7 7 7 39 7 39 12 7 12 12 12 27 24 10 10 10 44 10 10 33 33 30 33 24 24 24 27 33 33 27 27 33 27 33 33 26 33 33 33 33 42 33 33 33 33 35 47 33 
31 31 31 3 3 3 3 3 3 3 3 3 26 32 32 32 32 31 46 46 46 18 18 2 2 2 2 2 2 2 2 18 18 21 6 6 6 11 11 17 38 38 38 38 38 38 38 38 38 38 38 38 38 38 38 38 41 41 41 41 41 41 12 12 12 12 12 12 12 10 10 10 40 40 12 12 41 46 24 27 27 27 27 27 33 33 33 33 33 33 33 33 33 32 32 32 32 32 32 47 47 47 
31 31 32 32 32 32 32 32 32 35 26 26 26 32 32 33 33 33 26 35 33 22 26 32 32 26 26 26 26 26 26 26 22 22 29 14 4 22 22 29 4 4 43 22 43 47 26 26 26 3 3 35 35 35 46 18 18 18 18 18 18 18 18 46 46 48 37 37 34 45 45 45 39 15 15 15 15 15 15 15 15 15 15 39 10 30 30 30 30 10 10 10 10 10 10 10 10 10 10 10 25 25 24 24 35 24 24 24 24 16 46 35 22 43 3 24 35 35 24 24 42 33 42 35 35 35 35 24 35 35 32 35 35 35 33 33 33 35 35 32 32 47 47 47 
31 31 32 32 32 35 3 3 3 32 3 3 32 32 32 35 32 35 31 31 43 13 14 14 8 8 8 8 8 8 8 2 2 2 18 49 49 49 49 21 21 11 7 38 38 38 38 38 38 38 38 38 38 38 12 12 12 12 12 12 12 10 10 10 10 10 25 25 25 25 24 24 24 24 46 46 46 24 24 24 24 24 24 24 24 24 24 24 24 24 24 24 24 24 24 24 24 24 
31 31 22 26 26 26 26 26 26 33 32 32 3 3 32 33 33 33 33 33 46 16 25 25 46 46 16 18 18 18 2 2 2 2 8 8 8 2 18 18 46 11 11 11 11 11 39 39 39 39 39 39 39 39 38 39 39 39 39 39 10 10 10 10 40 25 25 25 25 24 24 24 24 24 46 18 46 46 46 35 46 35 35 35 35 43 35 35 3 35 35 35 35 24 35 35 35 35 35 35 35 35 35 35 47 47 
35 35 35 35 35 35 35 35 35 35 35 35 35 35 35 3 3 35 3 35 24 48 18 2 2 2 2 2 2 2 2 2 2 2 2 2 18 18 6 6 11 11 28 28 28 28 5 36 38 9 9 9 9 9 9 9 9 9 38 38 38 39 39 10 10 10 10 10 19 19 19 1 1 19 1 10 1 10 27 27 27 27 27 27 27 27 27 27 27 27 33 33 33 33 33 33 33 33 33 33 24 33 47 47 
31 31 32 35 35 26 26 26 32 32 32 3 32 32 3 32 32 32 26 32 35 30 30 24 46 18 18 18 2 2 2 2 18 18 46 46 37 30 30 30 39 39 39 39 39 38 39 39 39 38 38 39 39 10 30 10 10 10 27 27 33 33 33 33 33 33 33 33 33 35 35 35 35 32 35 35 35 35 35 35 32 35 35 47 47 
35 24 25 25 24 35 32 32 3 3 3 3 3 3 3 3 3 35 35 24 24 48 48 48 46 46 18 18 18 18 18 18 18 18 18 46 6 6 6 6 6 6 45 45 45 45 15 39 39 15 15 9 9 9 9 9 9 9 9 9 9 15 1 1 1 1 1 1 1 1 10 27 27 27 27 27 27 27 27 27 27 27 27 27 27 27 33 33 33 33 33 33 27 33 33 33 47 33 
31 33 33 32 32 32 32 32 32 32 3 3 32 32 33 33 32 35 35 35 46 46 25 12 46 18 18 2 2 2 2 2 2 2 2 2 2 2 2 18 46 46 46 49 49 49 49 49 49 49 37 37 11 45 39 39 39 39 39 39 12 12 12 12 12 12 12 12 12 12 12 12 12 27 10 10 25 25 34 25 24 24 42 24 24 24 24 24 24 24 35 35 35 35 32 32 32 32 32 3 32 47 47 47 
31 31 31 3 3 3 3 3 3 3 3 3 3 32 3 3 32 32 35 24 24 24 46 18 18 18 18 2 2 2 2 14 2 2 18 18 46 11 45 45 45 45 45 45 15 15 15 15 15 15 15 15 15 15 15 15 15 15 15 15 15 15 15 15 15 15 15 15 15 15 15 10 10 10 10 10 25 25 24 35 35 35 35 24 24 24 24 24 24 24 24 35 35 35 24 35 35 35 35 35 35 35 24 47 
31 31 31 3 3 3 32 3 3 3 3 3 3 3 3 3 3 3 26 26 32 3 3 32 3 3 32 33 3 33 43 22 35 32 35 33 32 32 32 3 3 35 3 3 3 3 3 3 24 25 46 18 2 2 2 2 2 2 2 2 2 18 21 6 6 11 45 39 39 39 9 9 9 9 9 9 9 9 9 9 9 9 9 9 9 1 1 1 1 40 24 1 1 1 25 25 25 24 42 33 33 33 33 35 35 33 33 35 35 32 3 3 3 3 3 3 3 3 3 3 3 3 3 47 47 
26 26 32 33 3 3 3 3 3 26 26 3 3 3 3 3 3 3 31 31 24 18 2 2 2 2 2 2 2 2 2 18 49 37 37 37 37 37 45 45 11 25 25 12 12 9 9 9 39 39 9 9 9 9 1 1 1 1 1 1 25 25 25 27 33 26 26 26 33 32 32 32 32 32 32 3 3 3 3 32 3 32 32 3 3 3 47 47 
31 31 31 22 3 3 32 32 32 32 32 32 32 26 26 32 32 35 35 35 25 46 46 34 46 18 18 18 2 2 2 2 2 2 2 2 2 2 18 6 37 37 37 37 37 37 37 45 11 39 39 39 39 39 38 39 39 12 39 39 39 39 30 30 30 10 10 10 10 10 10 10 10 10 25 25 24 33 33 35 35 35 35 42 42 33 42 35 24 24 24 33 24 33 24 24 35 35 35 24 35 42 
31 31 31 3 3 3 3 3 3 3 3 3 3 3 3 3 3 32 32 26 24 25 34 34 46 18 18 18 18 2 2 2 2 2 2 18 18 49 6 6 6 6 6 6 6 45 45 45 7 7 7 7 7 7 7 7 7 7 7 7 50 50 50 50 50 12 44 44 44 44 44 44 1 1 1 1 1 1 40 27 27 27 33 27 27 33 33 33 33 33 33 33 32 35 35 3 3 3 3 3 35 35 3 3 3 47 47 
31 33 35 32 33 32 32 32 32 33 26 26 32 26 42 33 26 26 26 33 35 29 43 43 32 32 32 26 32 33 33 35 46 46 25 24 46 18 18 18 18 18 18 49 6 37 37 45 45 45 45 45 39 39 39 39 39 39 39 39 44 44 44 44 19 19 19 19 10 10 27 33 27 33 24 24 24 24 24 24 24 24 24 24 24 35 35 24 33 33 24 24 33 24 24 24 24 24 
