31 31 31 3 3 3 3 3 3 3 32 3 3 3 32 3 26 32 22 22 22 22 43 43 29 43 48 48 37 48 48 48 48 6 48 48 48 48 48 48 37 48 48 48 48 48 48 22 35 3 3 3 32 32 3 3 3 3 3 3 3 3 32 26 33 32 32 3 32 32 3 3 3 47 
26 26 26 27 26 26 26 26 26 26 32 3 32 32 3 32 32 32 3 32 22 42 42 16 46 45 45 45 45 6 6 6 6 6 6 6 37 45 45 45 18 49 48 24 42 32 32 43 43 3 3 3 3 3 3 32 32 3 32 3 3 32 3 32 3 26 42 33 26 26 33 47 
31 31 31 3 3 3 3 3 3 3 3 3 3 3 3 3 3 3 3 3 35 46 48 48 46 48 46 46 46 46 46 49 49 49 49 49 48 48 24 24 35 35 3 3 3 31 31 29 43 43 43 22 47 42 42 35 42 33 35 35 35 32 32 32 32 3 3 3 3 3 3 3 3 3 3 3 3 47 47 47 
31 31 31 3 3 32 32 3 3 3 3 3 3 3 3 3 3 3 3 32 32 43 43 43 29 32 43 43 22 3 3 3 3 3 22 37 37 37 37 37 37 37 37 37 37 37 37 37 37 24 35 32 32 3 3 3 32 3 3 3 3 3 3 3 3 3 32 3 3 3 3 3 3 35 32 47 47 47 
31 31 31 3 3 3 3 3 3 32 3 3 3 3 3 3 3 32 32 3 22 22 37 6 37 37 6 6 37 37 6 6 37 37 37 37 6 37 37 37 37 37 37 37 37 37 37 37 37 37 48 33 35 32 42 42 32 3 3 3 3 3 3 3 3 3 22 22 42 42 42 26 26 26 26 26 26 26 47 47 
31 31 3 32 32 32 32 32 3 3 3 3 3 3 3 32 32 32 3 3 3 22 48 37 37 37 6 37 49 49 49 49 49 49 49 49 49 49 49 49 49 48 49 49 48 48 34 24 32 32 24 24 32 31 31 29 4 14 14 14 14 13 13 4 43 43 47 26 26 42 33 33 24 24 35 35 35 35 35 35 33 35 35 35 35 35 35 35 32 32 35 47 47 47 
31 31 35 35 35 32 35 32 3 35 32 32 32 3 3 32 3 32 32 31 31 31 4 4 3 47 3 32 22 3 43 43 22 22 3 3 3 3 3 3 3 29 46 46 11 11 11 11 6 11 6 6 6 6 49 49 49 49 49 48 48 48 35 35 34 24 32 32 32 31 31 29 4 13 43 22 47 26 26 26 26 26 26 26 26 26 33 33 33 33 26 32 32 26 32 32 3 32 3 3 47 47 47 
31 31 31 32 32 32 32 32 32 32 32 3 32 32 32 32 3 3 3 3 22 22 37 37 37 49 37 37 49 49 49 49 49 49 49 49 49 37 37 48 35 32 3 32 32 32 32 32 32 32 32 32 32 32 32 32 32 32 32 32 32 32 32 32 32 32 47 47 47 
33 31 26 42 26 26 26 26 26 26 33 32 3 35 3 3 3 3 3 22 22 22 49 6 6 6 6 6 6 6 6 6 49 49 49 49 49 49 49 49 49 49 48 37 48 24 35 35 35 26 33 43 43 42 42 42 42 42 42 35 24 35 35 35 35 35 22 22 3 3 3 3 3 3 3 43 3 35 35 35 35 47 24 
33 26 26 26 26 26 22 32 26 3 3 3 3 33 33 26 33 35 32 31 31 43 4 16 35 47 22 29 3 3 3 31 22 21 21 21 21 21 21 21 21 21 21 21 49 49 49 49 49 49 49 48 48 48 34 24 24 33 27 25 34 42 34 42 42 33 33 33 33 33 33 33 33 33 33 33 33 33 33 33 33 24 33 33 
31 31 35 35 3 3 3 3 3 3 3 35 35 3 35 35 35 32 32 22 48 48 48 48 48 48 48 48 48 48 48 48 48 48 48 48 48 48 48 25 24 24 31 43 13 13 13 13 43 43 22 47 42 42 42 42 26 26 33 35 35 35 35 35 35 35 35 35 35 35 35 3 3 35 35 35 35 47 47 47 
31 35 32 33 32 32 32 32 32 32 32 35 33 32 32 32 32 32 32 32 32 3 3 35 35 32 32 32 3 32 31 32 21 21 21 21 21 21 21 21 21 49 49 49 49 49 49 49 48 48 24 22 43 43 29 43 31 13 13 14 14 14 13 4 4 18 46 47 22 42 42 42 42 42 42 42 42 42 34 25 27 25 25 25 24 25 25 24 24 24 24 24 24 24 24 24 24 
31 31 31 3 32 32 32 32 3 3 22 3 3 3 3 3 3 3 3 3 29 29 36 50 50 50 36 36 50 50 21 50 50 50 21 21 6 6 46 46 34 35 26 33 33 32 3 3 3 3 3 32 33 3 3 3 32 32 32 3 3 3 3 3 26 33 16 29 47 47 
31 31 31 32 32 32 32 32 32 32 3 32 3 35 35 32 32 3 32 33 25 34 34 34 11 48 48 6 48 48 48 48 48 48 48 48 48 48 48 48 48 48 48 48 37 24 24 35 35 35 32 32 32 24 24 24 35 32 33 33 32 32 42 32 33 33 33 33 33 33 33 33 33 32 32 32 32 32 3 32 32 32 32 32 32 32 32 32 32 3 47 47 
24 24 35 35 35 35 33 42 22 42 35 35 3 35 35 35 35 35 35 32 35 29 46 33 35 22 22 29 29 26 42 30 39 11 11 50 11 11 6 6 21 21 21 21 21 6 6 48 48 48 48 24 24 35 35 35 31 31 13 13 13 43 22 42 22 42 42 42 42 42 32 32 32 32 35 42 35 26 35 33 33 24 24 42 24 24 27 24 24 24 24 27 
31 31 32 33 33 32 35 35 35 35 32 3 3 3 3 32 3 3 31 31 36 16 4 4 2 2 2 2 2 2 18 18 18 18 18 18 21 48 46 35 24 24 24 24 35 32 31 31 43 14 14 13 47 42 47 26 42 26 26 26 26 26 3 32 32 32 32 32 32 32 3 32 3 3 3 3 3 3 47 47 47 
31 31 3 3 3 3 3 3 3 3 26 26 3 3 3 3 3 3 3 31 31 4 29 4 4 3 47 47 32 24 42 24 22 22 22 6 6 6 6 6 6 6 6 49 49 49 49 49 48 48 48 48 48 48 24 32 3 3 3 3 3 3 3 3 31 43 43 43 43 47 35 35 22 42 42 42 42 42 35 33 33 32 32 32 3 3 3 32 32 3 3 3 3 3 47 47 47 
31 31 3 3 3 32 3 3 3 3 32 32 3 32 3 3 32 32 32 22 22 3 32 26 33 33 32 43 43 35 3 22 24 11 24 48 46 6 6 6 6 6 6 6 6 49 49 49 49 49 49 49 49 49 49 49 49 49 49 48 48 48 24 24 35 35 35 32 3 22 3 3 22 3 3 22 22 22 22 22 22 22 22 22 22 26 26 26 26 26 
31 31 31 3 3 3 3 3 32 35 35 35 46 46 6 49 46 46 49 49 49 49 49 49 49 49 48 48 48 24 35 35 35 3 3 3 3 3 22 26 42 42 42 46 24 24 35 35 35 35 35 3 35 35 35 47 47 47 
31 31 31 32 32 32 3 3 32 32 32 32 32 32 32 32 32 32 26 26 26 27 27 33 3 3 3 32 32 32 32 3 22 6 50 50 50 50 50 50 50 6 6 6 6 21 21 21 46 16 16 47 47 32 32 31 31 29 29 29 47 47 42 42 42 33 33 33 33 35 35 35 35 32 3 3 32 32 32 32 32 32 32 32 3 32 47 47 47 
31 31 31 3 3 32 32 32 32 3 32 32 3 32 3 3 3 3 3 24 27 15 42 42 45 45 45 45 45 45 45 45 37 37 37 37 37 37 37 37 48 48 24 35 35 32 32 3 32 32 3 43 22 22 42 42 33 3 32 32 32 3 3 3 3 3 32 3 32 32 3 3 32 32 32 3 32 3 32 32 47 47 47 
31 31 31 3 3 32 32 32 32 3 32 3 32 26 32 26 26 26 26 26 26 43 43 26 26 26 26 26 26 26 26 26 26 26 26 32 32 35 32 32 33 32 42 6 6 49 49 49 49 49 49 49 49 49 49 49 49 49 49 48 35 3 31 31 43 13 14 14 14 13 43 43 47 42 42 35 35 35 35 35 32 32 32 32 3 3 32 32 32 32 32 32 32 32 35 32 32 32 47 47 47 
31 31 31 3 32 35 3 3 3 3 22 22 22 3 3 22 3 3 3 3 3 43 22 22 22 22 22 22 22 42 37 30 37 37 37 37 37 37 37 37 37 37 37 37 37 37 37 37 37 37 48 48 24 35 35 3 3 3 35 22 43 22 42 42 22 42 26 26 42 42 26 26 32 32 32 32 32 32 35 32 32 32 32 32 32 35 32 47 47 47 
31 31 33 26 26 33 33 26 26 26 32 26 32 26 26 32 32 3 31 31 31 4 4 13 13 43 43 3 22 22 22 43 43 22 37 6 49 49 49 49 49 49 49 49 49 49 49 49 49 49 49 49 49 49 49 49 49 49 49 49 48 48 24 33 22 22 3 35 42 25 25 27 27 27 27 27 27 27 27 27 27 27 27 27 27 27 27 27 27 27 27 27 
31 31 32 32 32 32 26 32 32 32 3 32 32 32 32 32 32 32 32 32 3 29 22 42 3 3 3 3 3 3 22 22 22 22 48 37 37 37 37 37 6 37 37 37 37 37 37 37 37 34 34 25 25 25 35 32 32 32 3 3 3 32 42 34 42 42 42 26 42 24 35 24 24 24 35 24 24 35 47 
31 31 31 3 32 32 32 3 32 32 3 32 26 26 26 32 32 32 32 32 42 42 42 42 17 42 17 22 22 22 17 17 6 6 6 6 6 6 6 6 6 6 6 6 48 48 6 49 49 24 24 35 33 42 33 33 35 33 33 33 33 32 32 32 22 22 3 32 32 3 32 32 32 32 32 32 47 47 47 
31 31 3 3 3 3 3 3 32 3 3 3 3 3 3 3 3 3 3 31 3 16 16 32 42 50 6 6 6 6 6 6 6 6 6 6 6 37 45 45 45 34 24 24 35 32 3 3 3 3 3 3 3 3 3 3 3 3 3 24 24 24 35 22 22 35 3 3 47 47 
31 31 31 3 3 3 3 3 3 3 3 35 32 32 3 3 3 3 32 3 43 43 29 3 3 3 3 3 3 3 3 3 32 32 3 3 3 3 3 3 29 3 37 37 37 6 6 6 6 6 6 37 37 37 37 37 48 37 48 48 24 24 35 35 35 31 31 29 14 14 13 13 13 13 43 43 3 3 32 3 3 3 3 3 3 3 3 3 3 3 3 3 32 32 3 3 3 3 3 3 32 47 47 47 
31 31 32 32 3 32 32 32 35 32 3 3 35 32 3 32 32 32 31 32 43 13 32 47 32 32 31 22 46 49 49 49 49 49 49 49 49 49 49 49 49 49 49 48 48 35 35 32 35 32 31 31 31 43 13 14 14 14 4 4 43 22 47 42 42 42 42 42 42 42 27 42 27 42 27 27 42 42 42 42 24 33 35 42 35 35 35 35 35 35 47 47 
31 31 35 35 35 32 32 32 3 3 3 3 3 43 3 35 3 35 3 3 22 22 37 17 45 45 6 45 6 6 6 6 6 6 6 6 37 37 37 37 6 6 48 24 24 35 3 3 31 31 29 13 13 13 43 43 43 43 47 26 42 33 33 33 35 35 35 35 35 3 22 3 3 3 3 3 3 3 3 3 3 3 47 47 47 
31 31 31 32 3 3 32 3 32 32 3 22 3 22 3 3 3 3 31 31 46 43 43 13 13 43 43 22 3 3 3 3 3 3 29 29 29 50 50 50 50 21 21 21 21 21 21 21 21 21 21 21 21 21 21 21 21 18 49 48 24 35 32 3 3 31 35 43 4 18 46 46 46 42 42 24 42 42 26 33 26 42 33 32 32 32 32 32 3 3 3 3 3 3 32 3 3 3 3 47 47 47 
31 31 3 3 3 3 3 3 3 3 3 3 3 3 3 3 3 32 32 3 3 27 33 28 28 28 28 28 28 28 16 21 21 21 21 21 49 49 49 6 48 48 24 24 35 3 3 3 35 35 3 3 3 3 31 31 31 13 13 14 13 13 43 24 42 42 42 42 33 33 33 22 22 35 3 3 3 3 3 3 3 3 3 3 3 3 3 3 3 3 3 47 47 
31 31 31 3 3 32 3 32 3 3 3 32 3 3 3 3 3 32 3 32 3 22 22 3 32 3 3 3 32 3 22 22 22 22 3 32 35 22 43 3 32 32 29 3 3 3 22 22 3 3 22 11 11 37 6 6 37 37 37 37 37 48 48 48 48 48 48 48 48 48 48 22 22 22 22 3 3 3 32 3 22 3 3 3 3 3 22 22 22 26 42 42 42 26 26 26 42 
31 31 3 22 22 3 3 3 3 35 35 3 3 32 3 3 32 33 33 33 33 42 6 6 6 6 6 6 6 6 6 6 6 6 6 37 37 49 6 37 37 37 34 24 24 35 22 22 22 42 42 42 26 26 26 26 33 35 24 24 35 35 3 3 32 32 3 32 3 32 32 32 32 32 35 47 47 47 
31 31 31 3 3 3 3 3 32 32 32 35 32 32 32 3 3 3 3 3 22 50 50 50 6 6 6 6 6 6 6 6 6 6 37 37 37 37 37 37 34 35 35 26 42 42 35 32 32 32 42 34 42 3 22 42 34 34 42 42 42 42 42 42 42 42 42 33 42 42 
31 31 31 32 32 3 3 3 3 3 3 32 3 3 32 32 22 26 26 32 42 42 45 45 17 17 6 6 6 6 6 48 48 48 48 48 48 48 48 24 35 32 32 32 31 31 43 13 13 13 43 22 42 42 42 24 35 35 35 32 32 32 32 3 32 32 32 32 32 32 32 3 32 32 32 32 3 3 47 47 
31 31 32 32 32 26 26 26 3 3 26 3 3 3 3 3 32 3 3 31 31 29 13 3 43 43 43 43 3 3 3 32 32 22 3 3 3 29 29 3 31 31 16 18 49 49 49 49 49 18 18 18 49 49 49 49 49 49 49 49 49 49 49 49 48 24 24 35 35 35 35 31 33 43 13 13 13 43 43 43 43 3 3 32 26 26 32 33 3 3 32 3 3 29 29 3 3 3 35 32 3 3 3 32 47 47 47 
33 26 32 32 32 32 32 26 26 32 32 32 33 35 35 33 26 26 26 31 31 4 43 13 43 22 22 22 3 3 43 22 22 22 22 46 48 37 37 37 37 37 37 6 6 6 6 6 49 6 6 6 6 37 48 37 37 24 35 35 35 32 3 3 3 31 31 29 4 14 14 14 14 14 14 18 18 43 43 47 47 42 26 26 26 26 26 26 26 26 35 29 26 26 26 42 3 43 35 26 42 42 42 42 35 33 33 33 33 32 35 35 35 35 35 26 35 35 35 33 35 35 35 35 32 33 47 47 
31 31 32 33 32 32 31 3 43 43 3 3 3 3 3 3 3 43 29 3 22 48 49 49 49 49 49 49 49 49 49 49 49 49 48 48 48 24 24 35 32 3 31 31 43 13 8 14 14 14 14 13 13 13 4 4 43 43 43 47 47 3 26 26 32 32 22 22 33 42 42 42 33 35 24 33 42 33 42 33 24 35 35 35 35 35 47 47 
31 31 31 32 32 3 3 32 32 32 3 3 3 32 32 3 3 32 3 3 3 29 46 46 35 33 33 35 3 3 43 31 13 13 3 3 47 35 32 32 42 46 32 22 22 22 11 11 11 11 11 11 11 11 21 21 6 49 49 6 11 48 46 46 25 24 24 35 35 31 29 4 2 2 18 18 18 18 16 46 35 24 42 34 27 24 34 25 25 24 24 25 25 25 24 25 25 25 25 25 24 25 24 24 24 24 24 24 
31 31 31 35 35 35 35 35 35 35 35 32 3 3 35 3 35 35 32 32 35 42 37 37 37 6 6 6 6 6 6 49 49 49 49 49 49 37 37 37 37 37 37 37 34 24 24 24 24 35 31 31 43 13 13 43 43 43 22 22 22 22 42 42 42 42 42 42 42 42 42 42 35 42 33 33 33 33 24 33 33 33 33 35 47 
31 31 3 3 32 33 33 32 3 32 32 3 3 3 32 3 3 3 32 32 32 37 37 37 37 37 37 37 37 37 37 37 37 37 37 24 35 35 27 27 35 3 32 3 32 32 32 32 3 3 32 3 3 32 32 3 3 3 3 3 3 3 3 47 47 
31 22 3 35 25 25 24 35 3 3 3 3 3 3 3 3 3 3 22 22 42 45 45 45 45 45 6 6 37 37 37 37 37 37 37 37 37 37 37 37 37 37 45 37 42 32 3 3 3 3 3 3 3 3 3 3 3 3 3 3 3 3 3 3 3 3 3 3 3 3 3 3 47 47 
31 31 31 32 32 32 32 32 32 32 32 32 32 32 32 32 32 3 3 3 35 24 46 46 46 46 46 46 46 49 49 46 49 49 49 49 49 49 49 49 49 48 48 48 48 24 24 24 32 32 32 32 3 22 43 43 43 22 47 42 42 42 42 42 33 35 32 32 32 32 3 32 32 32 32 32 32 32 32 32 32 32 32 32 47 47 47 
31 31 33 33 32 32 32 32 32 32 3 3 32 32 3 3 3 3 31 3 29 4 22 3 3 22 22 22 22 45 45 45 45 45 6 6 37 6 6 37 6 37 37 37 37 37 37 37 37 37 48 34 24 24 35 35 35 35 35 43 43 43 3 47 42 42 42 26 26 26 26 26 26 33 32 26 26 26 32 32 32 32 32 32 32 32 32 47 47 47 
31 31 3 3 3 3 3 3 3 3 3 3 3 26 26 3 3 32 3 3 22 22 3 22 22 22 3 22 22 3 3 3 3 3 3 32 33 37 37 6 6 6 6 6 6 6 6 6 6 6 11 11 6 6 37 37 37 48 34 24 35 35 35 35 29 31 43 29 13 4 43 22 47 42 42 33 27 33 33 35 35 35 3 3 3 3 3 3 3 3 32 3 3 3 3 3 3 3 47 47 47 
31 31 31 3 3 3 3 3 3 32 3 3 3 32 3 3 3 3 31 26 4 4 43 3 43 43 22 3 3 3 3 3 3 3 22 43 37 37 37 37 37 37 49 37 37 37 37 48 48 37 48 48 25 24 35 3 3 3 3 3 3 3 3 3 3 3 3 3 3 35 24 24 3 3 3 35 32 32 47 47 47 
31 31 31 32 32 35 32 32 32 32 32 32 32 32 32 35 35 35 31 31 31 4 4 47 47 47 35 35 3 22 3 37 6 6 6 6 6 6 6 6 6 6 49 6 6 37 37 37 37 37 34 35 35 32 32 35 31 31 13 14 14 14 14 13 4 4 43 43 43 47 47 47 26 42 42 26 26 26 26 32 33 33 33 32 32 32 35 35 35 33 32 32 32 35 47 47 47 
31 31 31 3 3 3 3 3 3 3 3 3 3 3 3 3 3 22 29 21 50 6 6 21 21 21 21 21 21 21 21 21 21 6 6 6 37 37 34 24 35 3 31 24 43 13 14 14 13 43 47 47 42 33 35 35 35 35 35 35 3 3 3 3 3 3 3 3 3 3 3 32 3 3 3 3 3 47 47 
33 33 35 35 32 42 26 26 42 26 26 33 42 26 33 26 33 42 31 35 13 14 29 22 3 43 13 3 47 47 32 3 22 37 37 37 37 37 37 37 37 37 37 37 37 37 37 48 24 35 35 35 32 31 31 43 13 13 13 43 43 47 47 35 33 33 35 32 32 35 32 32 32 32 32 35 35 32 3 35 35 32 35 35 35 32 35 35 47 47 
