31 31 3 3 32 32 3 32 32 32 3 3 22 22 3 3 3 3 3 32 22 43 3 32 32 32 3 3 3 32 32 31 31 29 29 4 4 4 16 40 19 19 19 19 19 19 19 19 19 19 19 19 19 19 19 19 19 44 39 39 39 39 39 39 39 39 39 9 9 9 27 27 42 42 42 27 27 42 42 24 24 35 35 35 35 35 35 32 35 32 35 35 32 32 35 47 47 47 
31 31 31 3 3 3 3 3 3 32 3 3 32 32 3 3 32 3 29 33 33 27 27 32 32 26 26 26 26 26 26 33 32 3 32 33 26 32 3 3 31 31 29 29 4 29 29 1 1 1 1 1 1 1 1 1 1 1 1 1 15 15 15 15 15 15 9 9 9 27 9 15 15 27 9 27 27 27 27 26 26 26 26 26 26 26 26 26 26 32 26 32 32 32 32 32 32 32 32 3 47 47 47 
31 35 32 35 35 32 32 32 32 35 35 32 33 33 33 32 33 33 33 35 32 27 27 33 33 35 32 32 26 26 26 22 29 29 29 29 29 29 29 29 25 40 40 40 40 40 40 40 40 40 40 40 40 10 10 10 10 10 9 9 9 9 9 25 25 25 24 33 33 33 33 32 35 35 35 35 32 35 35 3 35 35 35 35 35 35 35 35 35 35 35 47 47 
31 31 31 3 3 3 3 3 3 3 3 3 3 3 3 3 3 3 3 3 3 22 29 22 43 3 3 3 3 27 27 26 26 31 31 29 29 29 29 29 29 29 29 29 29 16 10 10 10 19 19 19 19 19 19 19 10 10 10 10 10 10 38 38 38 38 38 27 27 27 27 26 26 26 26 26 26 26 26 26 26 26 33 33 33 26 33 32 32 32 32 32 3 3 47 47 47 
31 31 31 32 32 32 32 32 32 32 32 32 32 3 3 32 3 32 32 3 22 3 22 22 3 3 3 3 31 29 29 4 4 4 4 29 47 1 1 1 1 1 1 1 1 1 1 1 1 1 1 1 1 1 10 15 39 39 39 39 9 9 39 27 9 27 27 27 27 27 27 26 26 26 26 26 26 26 26 26 26 26 26 26 26 26 26 26 26 32 47 47 47 
31 31 31 3 3 3 3 3 3 32 32 3 3 32 3 3 3 3 3 32 26 3 22 26 35 33 26 29 50 36 16 4 4 4 4 4 4 4 4 4 4 4 4 4 4 4 4 4 4 16 20 40 40 40 40 40 40 40 40 40 40 40 40 40 40 40 40 40 19 19 1 1 1 10 9 9 9 9 9 9 9 9 9 9 9 9 27 27 27 27 27 27 27 27 27 27 27 27 27 27 33 33 33 33 33 35 35 35 35 35 35 35 35 47 47 
31 31 31 3 32 32 3 32 32 32 3 3 32 32 32 32 26 26 31 22 29 29 4 4 4 4 4 4 4 4 4 4 16 12 10 10 10 10 10 10 1 1 1 1 1 1 1 1 1 1 9 9 9 9 9 9 9 27 29 26 26 26 27 27 27 27 27 26 26 33 32 32 32 32 32 32 32 35 35 35 32 35 35 35 35 47 47 
31 22 3 3 32 32 32 32 32 32 32 32 26 26 3 22 22 29 29 29 29 29 4 29 19 40 40 40 40 40 40 40 40 40 40 40 40 40 40 40 10 10 9 9 9 9 9 9 9 9 9 9 9 9 9 27 27 27 26 26 26 26 26 26 26 26 26 27 26 33 26 32 32 26 26 32 32 32 32 32 32 32 47 47 
29 31 31 3 3 3 43 3 3 3 3 3 3 3 3 3 35 33 33 27 27 42 31 29 4 4 4 4 4 4 4 4 4 4 4 29 20 19 19 19 19 20 20 20 40 40 40 40 20 20 20 44 44 12 12 12 7 7 7 38 9 9 27 27 27 27 33 27 27 27 42 24 24 24 24 24 24 24 24 35 35 24 35 35 35 35 35 35 24 24 35 47 47 
31 31 31 32 3 3 32 35 35 35 35 35 32 32 32 3 35 26 26 26 22 29 29 29 4 4 4 4 4 4 36 19 19 19 19 20 19 19 19 19 19 19 19 19 19 19 19 19 19 19 19 10 10 10 9 9 10 27 30 42 26 26 26 26 26 26 26 26 33 33 35 35 3 3 3 3 32 35 35 35 32 32 32 35 35 35 32 32 32 32 32 32 35 35 32 32 32 33 33 35 32 35 33 33 35 35 35 32 35 35 35 35 26 26 35 35 35 33 32 32 35 32 35 32 35 35 35 35 33 35 33 35 35 35 35 35 35 35 35 35 35 47 47 
31 31 35 35 35 3 35 35 32 3 3 35 3 3 22 22 3 35 42 22 29 29 29 29 29 29 22 47 35 25 1 1 1 1 40 1 1 1 1 1 1 5 36 36 36 9 38 9 38 9 9 27 27 26 26 26 26 42 35 35 32 35 32 35 35 32 32 35 35 33 35 35 35 35 35 35 35 47 47 47 
26 26 26 26 26 26 26 26 26 26 26 33 26 32 32 32 35 33 35 32 29 29 29 29 29 4 4 4 4 4 16 40 40 40 40 40 40 40 40 40 40 40 40 40 40 40 40 7 7 7 7 7 7 7 7 7 7 7 9 9 9 9 27 27 27 27 27 27 27 27 26 33 27 26 33 26 32 32 32 32 35 33 33 33 33 35 35 35 47 47 
31 31 31 32 3 32 3 3 3 3 3 3 32 3 32 32 3 3 32 32 32 26 29 43 35 32 32 32 32 32 32 32 3 32 32 35 50 29 29 4 4 4 4 4 4 4 4 16 36 40 36 36 36 36 36 36 36 36 36 36 36 36 36 36 36 36 36 9 9 36 9 9 9 25 24 46 46 46 46 46 46 46 35 35 35 35 35 42 24 24 33 33 35 35 35 33 33 35 35 33 35 47 47 
31 31 35 32 32 32 32 32 32 32 32 32 32 32 32 32 32 32 26 26 22 29 29 29 29 4 4 4 4 4 4 4 4 4 4 4 4 4 46 40 1 1 1 1 1 1 1 1 1 1 1 1 1 1 1 1 1 1 1 1 1 1 1 1 1 1 1 1 1 15 15 15 15 15 15 15 15 9 9 27 27 27 27 26 27 26 26 27 26 27 27 27 27 27 27 27 27 27 27 33 33 33 35 33 33 32 35 32 47 47 47 
33 33 26 26 32 35 33 35 33 33 35 33 33 33 32 32 33 33 33 35 35 29 35 33 35 35 43 13 29 22 22 22 22 3 29 41 27 27 24 24 24 35 26 31 22 29 29 16 12 1 1 1 1 1 1 40 1 1 40 40 1 36 36 36 9 9 9 9 9 9 9 25 27 27 27 27 24 24 24 24 24 24 24 35 24 24 35 35 24 35 35 24 35 35 24 24 24 24 24 
31 31 31 3 3 32 32 32 3 32 35 35 35 32 32 3 32 32 31 32 29 43 32 32 47 3 32 32 32 33 35 35 32 3 32 3 3 3 3 32 43 43 3 32 32 3 3 3 3 32 32 32 26 26 26 29 29 29 4 4 4 4 16 20 20 20 20 20 20 20 20 20 20 40 40 40 40 40 40 40 7 7 9 7 27 9 9 27 27 15 15 15 27 27 27 27 42 26 33 32 26 26 26 42 26 42 42 26 26 26 26 26 26 26 33 24 24 24 24 47 
31 31 31 3 43 3 32 22 22 26 35 33 33 26 33 33 33 29 29 29 29 29 4 4 4 4 16 25 1 1 1 19 19 40 40 40 40 40 40 1 1 1 1 1 9 9 9 9 9 9 9 9 9 9 27 27 27 27 27 27 27 27 27 27 33 33 33 33 35 35 35 35 35 35 32 35 32 47 47 47 
31 31 31 3 3 3 32 32 35 32 3 3 3 32 32 32 3 32 32 32 26 26 26 33 31 31 43 43 43 3 3 3 35 33 26 29 16 4 4 4 4 4 16 46 10 40 40 40 40 40 40 40 40 40 40 40 40 40 40 38 38 38 38 38 38 38 38 38 38 38 38 38 38 38 38 39 9 10 25 25 25 25 25 24 24 24 24 24 24 24 24 24 24 24 24 24 24 24 24 24 24 24 24 24 24 35 47 
31 33 33 33 42 42 26 22 29 29 29 29 29 26 27 10 10 10 10 10 1 1 10 40 40 40 19 40 19 10 10 39 9 9 38 38 9 27 27 27 27 27 33 24 46 29 35 3 32 32 3 3 3 3 3 3 32 3 32 35 24 24 24 24 24 24 
31 31 31 33 32 32 32 32 35 33 26 32 32 32 32 32 32 32 32 32 26 22 22 32 33 26 26 29 29 29 29 29 4 4 4 29 5 1 1 1 1 1 1 1 44 44 7 7 7 7 7 7 7 7 7 7 39 27 33 35 35 35 35 35 35 35 35 32 35 32 33 33 32 32 33 33 35 33 33 26 26 33 32 33 33 47 47 
31 31 32 32 32 32 32 32 32 32 3 32 3 3 32 3 3 32 32 3 22 22 32 32 3 29 33 33 33 43 43 32 47 32 31 31 29 16 46 27 25 1 1 1 1 1 1 1 1 1 1 1 1 1 1 1 9 9 9 9 9 9 9 9 9 9 9 9 9 9 9 9 9 27 27 27 27 27 27 27 33 33 33 33 35 35 35 32 32 32 32 32 3 32 3 3 3 3 47 47 47 
26 26 26 26 26 26 26 26 26 26 26 26 26 26 26 26 26 26 26 26 26 43 43 3 32 32 32 31 31 29 4 4 4 4 4 4 4 4 4 16 20 20 20 20 20 20 41 40 40 40 19 41 41 12 38 38 38 38 38 38 38 38 38 38 42 29 29 29 22 22 22 22 26 26 26 26 26 33 33 33 33 26 33 33 33 33 33 33 35 33 32 35 35 33 32 32 47 47 47 
31 31 35 35 3 3 26 26 26 33 33 32 32 32 3 3 3 31 29 29 29 29 4 4 4 4 29 29 12 19 19 19 19 19 19 19 19 19 19 19 19 19 19 19 19 19 10 10 10 10 10 27 27 27 27 27 27 27 27 27 27 27 27 27 26 26 26 26 26 26 26 33 3 32 32 32 3 3 3 3 3 47 47 
31 31 3 32 32 3 3 3 3 3 3 3 32 32 3 3 32 31 31 31 4 4 43 43 47 43 22 29 29 29 43 43 3 3 3 35 42 42 35 46 46 16 16 16 16 16 4 4 4 4 4 16 20 40 40 40 40 40 40 40 40 40 40 40 40 20 40 20 40 40 40 36 7 36 36 36 12 39 9 9 36 36 36 36 46 12 12 26 27 27 26 27 27 27 27 27 27 33 33 33 33 33 32 35 35 32 35 32 32 35 32 35 35 47 47 47 
31 31 32 3 32 32 32 32 3 32 32 3 3 26 3 32 3 32 31 31 29 13 13 3 29 22 3 43 3 33 12 33 26 22 22 26 33 26 29 29 29 29 29 29 29 4 4 4 29 46 1 1 1 1 1 1 1 1 1 1 1 1 1 1 1 1 10 10 10 10 25 27 27 42 35 24 24 24 24 24 35 24 24 35 35 24 35 33 35 35 35 35 35 35 35 35 35 35 35 47 47 
31 31 31 32 32 35 35 32 35 35 33 33 33 35 32 26 35 35 29 29 29 29 29 29 29 29 29 16 29 16 16 36 1 1 1 1 1 1 1 1 1 1 1 1 1 1 1 1 1 1 9 9 9 9 15 27 27 27 27 27 27 27 27 27 27 27 24 24 24 33 35 33 35 35 35 35 35 35 35 35 35 35 35 47 
31 31 3 22 22 22 22 22 3 3 3 3 3 3 3 3 3 31 29 29 4 4 16 40 1 1 1 1 1 1 1 1 1 1 1 1 9 9 9 9 9 9 9 9 9 27 27 26 26 26 33 33 35 24 35 24 24 24 24 24 35 35 35 35 32 32 32 32 35 3 3 35 47 47 
31 31 31 3 3 3 43 35 32 32 32 3 3 3 22 22 22 29 29 29 29 29 29 29 29 4 29 12 1 1 1 1 1 1 1 1 1 1 1 1 1 1 1 1 1 15 9 9 9 9 9 9 9 9 9 9 27 27 26 26 26 26 26 32 3 32 32 3 3 3 3 3 3 3 32 3 3 3 3 3 47 47 47 
31 31 31 32 32 32 32 32 32 33 32 32 32 33 32 32 32 43 43 32 3 3 3 32 43 3 32 32 35 31 32 29 3 26 26 32 32 32 32 33 32 32 32 32 26 26 27 32 3 32 3 32 32 32 3 3 22 22 26 31 29 29 4 4 4 16 40 40 40 40 40 40 40 40 40 40 40 40 40 10 10 10 38 38 38 38 38 38 38 27 27 27 27 27 27 27 42 42 24 24 24 24 24 35 35 35 35 35 35 35 35 35 35 24 24 35 47 
33 27 26 35 31 31 29 29 29 16 16 16 4 4 4 4 4 4 4 16 16 16 36 7 7 7 7 7 40 7 7 1 1 40 7 1 19 19 19 1 10 10 39 39 39 9 9 38 38 38 9 9 9 9 9 9 27 27 27 27 27 27 27 27 26 32 3 3 3 3 3 3 3 3 32 3 35 47 47 47 
31 31 32 32 26 32 32 3 3 32 3 3 3 32 3 3 3 35 35 31 29 29 4 16 20 20 20 20 20 40 40 40 40 40 40 40 40 40 40 40 40 40 7 7 38 38 7 7 7 7 9 9 36 27 33 26 26 26 26 27 33 33 33 42 33 33 33 33 35 33 26 26 26 26 42 26 33 26 42 42 47 47 42 
31 26 26 3 3 3 3 3 3 3 3 3 3 3 3 32 22 3 26 31 29 29 29 4 4 14 14 14 4 14 14 4 4 16 40 40 40 40 40 40 40 40 40 40 40 40 40 40 40 40 40 40 9 9 9 9 9 9 9 9 9 12 27 27 27 27 27 27 27 27 27 26 26 26 26 3 3 3 3 3 3 3 3 3 3 3 3 3 47 
31 31 31 3 3 3 3 26 26 32 22 22 22 3 32 3 32 32 32 31 22 29 29 29 4 4 29 27 19 19 19 19 19 19 19 19 19 19 1 1 1 1 1 1 1 1 1 1 10 10 10 15 27 27 26 27 26 26 26 26 26 26 26 26 26 26 33 24 24 24 24 35 35 35 35 35 47 47 
31 31 32 32 32 32 32 3 26 32 32 32 32 32 32 26 22 32 32 26 3 29 3 3 3 3 3 3 3 32 35 35 29 29 29 29 29 29 29 29 29 36 40 40 40 40 40 40 40 40 40 40 40 40 40 40 40 40 40 36 38 38 38 38 38 38 38 38 38 38 38 9 9 27 27 27 26 26 26 27 26 27 27 33 33 33 33 33 33 35 32 32 32 35 35 33 35 35 35 47 42 
31 31 31 32 3 32 32 3 35 35 35 42 26 26 22 22 43 43 29 29 29 29 16 16 16 16 16 46 40 40 40 40 40 40 40 40 40 40 40 40 40 40 40 40 19 19 40 40 19 10 38 38 38 38 38 38 38 38 38 38 9 38 27 27 27 27 27 27 27 27 27 42 27 33 33 33 33 33 33 33 33 33 27 33 33 33 33 33 33 33 33 33 
31 31 31 3 3 3 32 32 32 32 3 3 32 3 32 3 32 3 22 31 29 29 4 4 4 4 4 16 12 1 1 1 1 1 1 1 1 1 1 1 1 1 1 36 36 36 36 36 9 9 9 9 9 9 9 27 27 26 26 26 27 27 42 27 27 27 27 27 27 27 33 42 27 27 33 33 33 27 33 26 26 33 33 47 33 
31 31 31 32 32 32 32 32 32 32 3 3 32 32 3 32 32 3 3 26 22 29 4 4 4 4 4 4 4 4 4 4 4 4 4 20 20 20 20 20 20 20 20 20 20 20 20 20 20 20 20 20 20 20 20 20 20 20 20 20 20 20 38 38 38 38 38 38 38 38 38 38 38 38 38 38 27 27 27 27 26 26 26 26 26 26 26 26 26 26 26 26 26 26 26 32 32 32 32 47 47 47 
31 31 32 3 32 32 32 35 35 35 32 32 32 32 35 35 32 35 32 32 22 22 22 3 31 31 43 13 43 3 35 35 29 29 29 29 46 40 40 40 40 40 19 19 19 19 19 19 19 19 1 1 1 1 1 10 10 10 9 9 9 9 9 27 27 27 27 27 27 27 27 33 41 41 27 33 33 33 35 35 35 33 35 35 32 35 32 33 35 35 47 47 47 
31 31 3 3 3 3 3 3 3 32 32 32 32 32 32 32 32 32 32 32 3 22 22 22 22 42 35 3 3 3 31 29 29 29 29 29 29 29 29 29 29 4 29 29 29 40 40 40 40 40 40 40 40 40 40 40 40 40 40 40 40 40 40 12 38 38 38 38 38 38 9 9 9 9 9 9 9 9 9 9 9 9 27 27 33 35 35 24 42 24 24 24 24 24 24 24 42 24 24 24 24 24 24 24 24 24 24 24 24 24 24 
31 31 31 3 3 32 32 3 3 3 3 3 32 32 32 3 3 32 31 31 31 13 13 4 29 46 35 35 3 3 43 3 46 24 35 31 29 4 4 4 4 4 4 4 4 4 4 4 16 25 1 1 1 1 1 1 1 1 1 1 9 9 38 38 38 38 12 27 27 15 25 25 25 25 24 24 35 35 35 43 13 35 47 47 35 32 32 32 3 3 3 32 3 32 32 32 32 32 32 32 3 3 32 32 3 32 32 32 47 47 47 
31 31 35 35 35 32 35 32 35 35 32 35 35 35 35 33 35 35 31 31 29 4 4 4 4 4 4 4 4 4 4 16 40 1 1 1 40 1 40 1 1 1 1 1 1 1 1 1 1 1 1 19 19 10 10 10 15 10 10 10 9 9 9 9 9 9 9 9 9 9 27 27 27 27 27 27 27 27 26 26 27 26 27 26 33 33 33 35 33 33 33 33 33 33 33 33 33 33 33 
31 31 35 35 3 32 3 32 26 26 33 3 32 3 35 32 32 3 3 31 31 29 4 4 16 40 1 1 1 1 1 1 1 1 1 10 10 10 9 9 9 9 38 9 9 9 38 38 38 38 9 9 27 27 27 27 27 27 27 26 33 26 32 32 32 32 32 32 32 32 3 32 3 3 32 32 47 47 47 
31 31 3 3 3 3 3 3 3 3 3 3 3 3 32 32 3 33 33 26 31 29 29 43 13 13 4 13 4 4 4 29 25 1 1 1 1 1 1 1 1 1 1 1 1 1 1 1 1 1 9 9 9 9 9 9 9 9 9 9 9 9 9 9 9 27 27 27 27 27 27 27 26 27 27 27 26 27 26 26 27 27 26 26 26 32 32 33 33 47 47 26 
26 31 31 32 32 32 32 32 32 32 32 31 31 13 13 29 47 47 32 32 31 26 32 4 4 47 43 47 26 26 26 26 22 43 26 26 26 26 26 26 26 26 26 26 26 32 32 35 32 32 32 32 31 31 29 29 4 4 16 46 40 10 40 40 40 40 40 40 40 40 40 40 40 40 40 40 40 40 12 12 12 38 38 38 38 38 38 9 38 38 38 25 25 25 24 27 24 24 25 25 25 25 25 25 24 25 25 25 24 24 24 24 25 25 24 24 25 24 24 25 
31 31 31 32 32 32 32 3 3 3 3 26 26 42 26 32 32 22 22 22 29 29 29 29 29 26 25 1 1 1 1 1 1 1 1 1 1 1 1 1 1 1 1 1 1 1 1 1 1 1 1 9 15 9 9 9 9 27 27 27 27 27 26 27 27 33 33 32 32 3 3 3 3 3 3 3 3 3 26 26 3 3 3 3 3 47 47 
31 31 31 32 32 32 32 3 3 3 3 3 32 3 3 32 32 26 26 29 29 29 4 4 4 4 4 16 16 36 40 1 40 40 40 40 40 40 40 1 1 1 40 40 1 1 1 1 1 1 9 9 9 9 9 9 9 9 9 9 25 24 46 46 46 35 35 35 35 35 32 35 35 32 33 32 35 3 3 32 3 3 3 3 3 3 3 47 47 
31 31 3 3 3 3 3 3 3 3 32 32 3 3 3 3 3 3 32 3 32 32 35 3 3 3 3 3 3 35 22 22 22 3 3 3 29 29 31 29 4 16 40 40 40 40 40 40 1 1 1 1 1 1 1 1 9 9 9 9 9 9 9 9 9 27 27 26 26 26 26 26 32 3 3 32 3 32 3 3 3 3 3 3 3 3 3 3 3 3 47 47 
31 31 31 32 32 32 32 32 32 3 32 32 32 32 32 32 32 32 32 3 32 22 22 3 33 33 33 32 33 33 32 3 3 3 29 29 29 29 4 4 4 16 4 4 16 16 46 40 40 40 40 40 40 40 40 40 40 19 19 19 19 19 19 19 10 10 39 38 39 39 39 9 38 38 9 38 38 38 27 27 42 26 26 26 26 42 42 42 42 42 33 33 33 33 33 35 35 24 35 35 33 47 47 47 
31 31 3 3 3 3 3 3 3 3 3 26 29 4 4 4 4 4 4 4 4 4 16 20 20 20 20 20 20 20 20 20 20 20 20 20 20 20 20 20 20 36 36 36 36 7 7 7 7 7 7 9 9 27 26 26 26 27 27 27 33 35 35 3 35 3 3 3 32 35 3 3 3 3 3 3 3 3 3 3 47 47 47 
33 33 32 32 32 35 33 33 35 32 42 33 33 33 33 33 33 33 33 35 35 16 35 32 35 22 22 26 28 33 32 26 33 27 33 29 29 4 16 12 19 40 40 19 19 19 19 19 19 19 19 19 19 19 15 10 10 39 9 9 27 27 27 27 27 33 35 35 35 32 35 32 32 3 3 32 32 32 3 32 3 32 32 3 3 3 26 47 47 47 
