31 31 31 32 3 3 3 32 3 3 3 3 3 3 3 3 3 32 33 26 31 43 29 4 14 14 8 8 8 8 8 8 8 8 18 16 11 11 46 6 6 6 6 6 11 11 24 42 24 42 35 35 31 31 29 16 4 14 8 8 8 8 8 8 8 8 8 8 8 8 8 8 14 14 14 4 18 47 27 26 26 26 26 33 33 33 33 33 24 35 35 33 32 33 35 35 32 32 32 32 35 32 35 32 47 47 47 
31 31 31 32 32 3 3 3 3 3 32 3 3 3 3 3 3 32 31 31 29 13 18 14 14 14 14 14 14 8 14 14 2 46 6 6 45 6 45 45 45 50 45 45 45 45 45 45 45 42 42 32 32 32 3 3 3 26 26 29 13 13 14 14 14 14 14 14 14 14 13 13 13 13 13 13 13 13 43 47 26 26 26 26 26 26 26 26 32 32 26 32 26 26 26 26 26 26 26 26 26 26 26 26 26 26 33 42 47 47 
31 35 35 35 32 32 35 35 35 35 35 35 32 3 32 35 32 3 3 3 29 29 26 26 35 33 42 31 43 13 13 13 13 14 14 14 14 14 14 18 46 11 46 46 46 46 49 49 46 34 25 24 24 29 16 16 13 14 14 14 14 14 14 14 13 13 13 43 47 47 42 42 3 33 33 35 35 24 35 24 35 35 32 3 35 35 3 3 3 32 35 35 3 3 47 47 47 
31 31 31 3 3 3 3 3 3 3 3 3 3 3 32 3 3 3 3 31 31 29 4 43 32 43 13 13 14 14 13 46 46 17 17 17 17 30 45 45 11 42 42 24 33 35 35 31 26 29 29 13 14 14 14 14 14 14 14 14 13 13 13 13 13 43 3 47 3 32 32 26 32 22 32 35 32 35 3 35 35 32 35 35 26 26 33 33 35 35 35 35 35 47 47 47 
31 31 3 22 32 32 32 3 3 3 32 32 3 32 32 3 3 32 32 31 31 43 13 13 13 13 14 14 14 14 14 14 14 14 14 18 46 11 45 45 45 45 45 45 45 45 45 45 45 45 45 45 45 45 45 45 45 45 45 45 26 26 32 32 26 22 22 26 31 43 13 13 14 14 14 14 14 13 13 13 13 13 13 13 43 43 43 43 3 32 32 32 35 32 32 3 32 3 3 3 3 3 3 32 3 32 3 3 3 3 32 3 3 47 47 
31 33 33 33 33 33 33 27 26 32 32 32 3 3 3 3 32 3 31 31 13 14 14 14 14 14 8 14 8 8 8 8 8 8 8 8 14 18 16 46 50 46 46 46 21 6 6 6 6 37 37 48 48 46 46 35 35 32 3 32 32 26 32 31 31 29 13 14 14 14 14 14 14 14 14 14 14 14 14 14 14 14 14 14 14 14 14 13 18 43 43 47 47 26 26 27 35 35 22 22 35 35 32 32 32 32 3 32 32 32 32 32 35 35 32 32 32 33 33 47 
31 31 31 32 32 32 32 32 32 32 3 3 3 32 3 32 32 3 32 33 26 31 29 4 13 13 14 14 14 14 14 14 8 8 8 8 14 14 4 16 46 46 46 46 11 11 11 11 34 34 34 34 24 32 32 32 3 26 26 29 4 4 14 14 14 14 14 14 4 4 4 4 4 4 29 47 26 26 26 26 26 26 26 26 26 26 32 33 32 32 32 35 35 35 24 35 24 24 24 35 35 35 24 
31 31 32 26 26 33 32 32 32 32 32 3 32 32 3 3 32 32 32 31 31 43 13 13 13 14 14 14 14 14 14 14 13 46 30 37 45 45 37 37 37 37 37 37 37 37 34 24 32 35 35 32 32 26 31 31 13 13 13 13 13 13 13 13 13 43 43 22 3 26 26 26 32 32 32 32 32 32 32 32 32 32 32 32 32 32 32 32 32 32 32 32 32 47 47 47 
31 31 32 32 32 26 26 26 26 26 26 26 26 42 26 42 32 26 32 32 31 29 29 29 29 47 3 26 3 3 3 3 3 3 3 3 32 32 32 32 31 31 29 13 14 14 14 14 8 8 8 8 8 8 14 18 46 6 6 49 49 49 49 49 49 6 37 37 37 6 46 24 24 35 31 31 29 13 14 14 14 14 14 14 14 14 46 47 42 42 22 35 35 24 24 42 24 42 35 35 35 35 32 22 3 35 35 35 35 35 35 35 35 35 47 47 
31 31 33 32 35 32 32 32 35 32 33 35 33 32 32 33 32 32 26 33 22 22 26 31 13 13 3 47 43 3 3 3 3 3 22 35 46 18 13 13 13 13 14 14 14 14 14 14 14 14 14 14 14 18 21 50 50 50 50 21 21 21 21 21 50 11 6 11 46 34 24 35 29 16 4 4 14 14 14 14 14 14 14 14 14 14 18 18 47 47 42 42 42 33 33 24 33 35 35 35 32 32 35 35 35 35 33 33 35 33 33 33 33 33 35 47 33 
31 31 33 35 35 35 35 35 35 35 35 35 35 35 35 35 3 3 35 31 31 43 13 13 14 14 14 14 14 8 14 14 14 18 46 6 6 6 6 6 5 6 46 24 34 24 24 35 33 26 29 13 13 14 14 14 14 14 14 14 14 14 13 13 13 43 43 3 3 47 26 26 42 33 35 35 35 35 35 35 35 35 35 35 35 35 35 35 35 35 35 3 3 47 47 47 
31 31 31 3 32 32 32 32 3 3 3 32 32 35 35 32 32 3 31 31 43 43 43 43 43 43 3 22 43 22 22 43 13 43 22 47 32 31 43 13 13 14 14 8 8 8 8 8 8 8 8 8 8 8 8 18 16 21 46 46 46 46 46 46 11 11 42 42 35 32 32 32 32 31 29 29 4 14 14 14 14 8 8 8 8 8 8 14 14 14 14 14 2 18 13 43 43 47 22 42 26 42 42 24 24 33 33 35 35 35 35 35 32 35 35 35 35 35 35 32 35 35 35 47 47 
31 31 32 26 26 26 26 26 26 26 26 26 26 26 26 26 26 26 26 33 32 43 31 43 13 14 14 14 8 8 8 8 8 8 8 8 8 8 2 18 16 16 36 36 50 50 50 16 7 25 24 31 43 4 4 14 8 8 8 8 8 8 8 8 8 8 8 8 8 8 8 8 14 18 18 29 46 46 46 29 46 46 46 35 26 33 26 33 26 26 26 26 26 33 33 27 27 27 27 27 27 27 27 27 27 27 27 27 27 27 
26 26 26 26 26 26 26 26 26 26 26 26 26 33 33 32 32 32 32 32 32 26 31 43 13 14 14 8 8 8 8 8 8 8 8 8 8 8 8 8 8 14 18 18 46 11 48 48 48 48 48 48 48 37 42 37 11 46 29 29 29 22 35 22 22 32 32 32 31 26 50 4 13 14 14 8 8 8 8 8 8 8 8 8 8 8 8 8 8 8 14 14 14 14 13 13 4 4 29 29 43 3 47 32 42 26 26 42 42 26 26 26 42 26 26 26 33 33 33 33 33 33 32 32 32 32 47 47 47 
31 31 35 35 35 35 33 32 35 35 32 35 35 35 35 32 32 35 35 31 31 16 13 13 43 33 24 26 46 31 29 13 13 14 2 8 8 8 8 8 8 8 8 8 14 18 18 12 17 17 17 39 17 11 17 17 45 45 11 11 11 42 46 35 32 35 36 16 4 14 14 8 8 8 8 8 8 8 14 14 14 14 13 13 13 43 47 42 42 24 24 33 33 24 24 24 24 24 24 24 24 24 24 24 24 35 24 24 35 35 33 35 35 47 47 47 
31 31 31 3 3 32 3 3 3 32 35 32 32 3 32 32 3 3 32 31 31 29 13 14 8 8 8 8 8 8 8 8 8 2 18 18 18 18 18 18 18 18 46 46 46 34 24 24 43 22 32 3 3 3 3 3 32 35 25 16 4 8 8 8 8 8 8 8 8 8 14 14 18 18 43 47 29 43 43 43 29 3 3 35 35 35 33 33 33 42 33 32 33 35 35 32 33 35 32 32 35 47 47 47 
31 31 31 3 32 32 32 3 32 3 32 32 32 32 3 32 32 3 3 3 32 32 35 32 3 3 3 3 3 26 26 29 43 13 13 14 14 14 14 14 14 8 8 8 8 14 18 46 12 11 11 17 11 11 17 17 37 45 11 35 32 32 3 3 3 3 3 32 31 31 31 13 13 13 14 14 14 14 14 14 14 14 14 13 13 13 13 13 43 43 43 3 47 26 32 32 32 3 3 3 3 3 3 3 3 3 3 3 3 3 3 3 3 3 3 32 3 47 22 
31 31 31 3 32 32 3 32 32 32 32 32 3 3 3 3 3 3 3 32 26 33 35 35 31 31 31 29 29 14 14 14 8 8 8 8 8 8 8 8 8 8 8 8 8 14 18 16 16 16 16 16 16 16 16 16 16 16 16 46 46 35 35 35 32 32 32 31 33 28 14 8 8 8 8 8 8 8 8 8 8 8 8 8 8 2 14 14 13 43 47 26 27 27 27 27 27 27 27 27 27 42 24 24 35 24 35 35 35 35 33 35 35 35 33 33 24 24 42 
31 31 3 3 3 32 3 3 35 35 35 35 33 32 32 31 43 43 13 13 13 14 14 14 14 14 14 14 14 14 13 18 46 23 23 23 6 11 11 11 11 11 24 33 32 31 31 41 29 13 14 14 14 14 14 14 14 14 13 13 13 13 13 43 43 43 47 47 33 27 33 24 24 24 24 24 24 50 46 24 24 24 24 24 24 35 35 24 35 24 35 24 35 35 35 33 35 24 35 24 24 24 24 24 24 24 24 24 
31 31 31 32 32 32 32 32 32 32 32 32 32 32 32 32 3 3 32 31 32 29 29 3 3 3 32 32 32 32 35 31 31 43 13 13 14 14 14 14 14 14 14 14 13 46 50 50 45 45 45 45 50 50 50 50 45 50 50 50 46 27 35 35 35 35 16 16 29 4 14 14 14 8 8 8 8 14 14 14 13 43 47 26 26 26 26 26 26 32 33 33 32 32 32 32 32 32 32 32 32 32 32 32 32 3 32 3 47 47 47 
31 31 31 32 32 32 32 32 35 32 32 32 3 32 3 29 3 3 3 3 43 43 3 3 3 26 26 22 22 22 33 31 22 43 13 13 14 14 14 14 14 14 8 8 8 14 8 14 14 14 14 43 24 30 45 45 45 45 45 45 6 6 6 6 6 45 42 35 35 32 32 32 32 45 45 31 43 13 13 13 13 13 13 13 13 13 13 13 13 13 13 13 13 43 43 22 26 26 33 32 32 32 32 35 3 35 35 24 35 35 24 24 24 35 33 24 35 24 24 35 35 24 24 24 
26 26 26 26 26 26 26 26 26 26 26 32 32 32 32 33 32 32 31 31 31 13 43 31 13 14 8 8 8 8 8 8 8 8 8 8 2 18 46 46 46 46 46 46 46 11 24 33 35 32 31 31 29 29 4 14 14 8 8 8 8 8 8 14 14 14 13 43 47 47 42 42 33 35 35 35 33 32 32 32 32 3 32 32 32 32 32 32 32 32 32 32 32 32 32 32 47 47 
31 31 31 3 3 32 3 3 3 3 3 3 3 32 32 3 3 3 3 3 22 22 32 32 32 32 32 3 32 3 3 3 3 31 31 43 13 13 14 14 14 14 14 8 8 8 8 8 8 14 14 18 46 17 37 37 37 37 37 37 37 37 37 37 37 37 42 42 42 22 22 24 24 24 24 31 29 13 14 14 14 14 14 14 14 14 14 18 43 47 47 3 32 32 32 35 32 32 3 32 32 32 32 32 32 32 35 32 35 32 32 3 32 32 3 35 47 47 47 
31 31 31 3 3 3 32 3 32 3 32 32 32 32 32 32 26 32 32 32 32 22 22 43 29 29 29 43 43 43 3 32 29 4 31 13 14 8 8 8 8 8 8 8 8 8 8 8 8 8 2 18 18 46 49 49 49 49 49 49 49 49 49 6 11 24 24 35 35 35 31 31 29 14 8 8 8 8 8 8 8 8 8 8 8 8 8 8 8 14 14 14 14 18 43 47 47 26 26 27 27 27 27 27 33 27 42 42 27 27 27 27 27 33 33 27 27 33 33 33 33 33 27 27 33 
31 31 31 32 3 3 32 32 3 3 3 32 3 3 33 33 33 31 31 31 4 4 13 43 43 43 3 32 32 32 32 32 33 33 33 31 13 13 14 14 8 8 8 8 8 14 14 18 11 30 17 45 45 45 45 11 37 42 35 35 35 32 35 26 26 31 16 13 14 14 14 14 8 14 14 14 14 14 14 14 14 13 13 13 43 47 47 26 26 26 26 26 26 26 33 33 26 32 42 24 35 35 35 35 35 35 33 33 35 35 35 35 35 47 47 
31 31 31 32 3 3 32 32 32 3 3 32 32 3 32 32 32 32 32 32 33 22 22 31 29 13 13 14 14 14 8 8 8 8 8 8 8 8 8 8 8 8 8 2 18 46 11 11 11 11 11 11 6 6 11 11 11 11 11 11 48 48 48 48 22 43 43 43 13 14 14 14 14 14 14 13 18 13 43 43 43 47 47 27 26 33 33 33 33 33 33 42 35 35 32 32 32 32 3 35 35 32 3 3 32 32 32 47 47 47 
31 31 31 3 3 3 3 3 3 3 32 33 33 32 35 32 3 3 32 31 31 43 13 14 14 8 8 8 8 8 8 8 8 8 14 46 28 11 11 11 28 11 11 11 46 42 24 24 35 26 29 13 14 14 8 8 8 8 8 8 8 8 14 14 14 13 43 47 26 26 26 33 24 24 24 35 24 24 35 35 35 35 35 35 35 35 35 35 35 35 35 35 35 35 47 47 47 
31 31 31 3 3 3 3 3 3 3 32 3 32 3 32 32 3 32 32 32 3 43 3 29 3 3 3 26 26 32 3 3 3 31 31 43 13 13 14 14 14 14 14 14 14 14 14 14 14 18 46 11 11 45 45 45 45 45 42 42 33 35 35 35 35 26 26 29 13 14 14 14 14 14 14 14 14 14 14 14 14 14 14 14 13 13 13 13 43 47 22 3 26 32 3 3 3 3 3 32 3 3 3 3 3 3 3 3 3 3 3 3 3 32 3 47 47 
31 33 32 32 33 32 32 32 32 33 33 35 35 32 33 32 33 33 32 33 32 43 13 3 47 32 33 32 3 22 22 22 32 32 32 33 33 32 32 32 32 32 35 32 43 22 32 3 32 32 32 3 3 32 32 33 33 31 31 43 13 13 14 14 8 8 8 8 8 8 8 8 8 8 8 2 18 46 46 46 46 46 46 35 24 24 42 42 42 24 32 32 26 29 31 29 13 14 14 14 8 8 8 8 2 14 13 18 43 46 24 46 46 46 24 35 24 24 24 24 24 24 24 24 24 24 24 24 24 24 24 24 24 24 24 24 24 24 24 
33 33 32 26 33 35 35 35 35 3 3 3 3 3 3 22 22 32 31 31 43 43 13 13 14 14 14 14 14 14 8 8 8 8 8 14 14 18 46 23 23 23 17 17 17 17 17 17 30 42 42 35 35 3 22 26 26 31 13 13 13 13 13 14 14 14 13 13 13 13 13 43 43 3 47 35 33 33 32 35 33 35 35 35 3 3 3 3 35 35 35 35 32 3 32 3 32 35 35 47 47 47 
31 33 32 32 32 32 32 32 32 33 32 32 32 32 3 3 3 3 3 3 31 31 13 13 14 14 8 8 8 8 8 8 8 8 8 14 18 16 21 21 21 21 21 21 21 21 21 21 21 21 21 16 46 47 47 32 35 35 32 26 29 41 29 13 14 14 14 14 14 14 14 14 14 4 43 47 26 26 42 33 33 33 33 33 33 35 35 35 35 32 35 35 35 33 33 35 33 33 35 35 35 47 47 47 
31 31 31 3 3 3 3 3 3 3 3 3 3 32 3 3 3 3 3 3 3 29 3 3 29 43 43 43 43 22 22 22 22 26 3 3 3 3 26 26 26 31 43 13 13 14 14 8 8 8 8 8 8 8 8 8 8 8 8 8 8 8 2 18 16 28 28 28 28 28 28 28 11 11 34 24 24 35 35 24 35 3 43 43 22 26 26 29 29 13 13 14 8 8 8 8 8 8 14 14 14 14 14 14 14 14 13 13 18 46 47 41 5 33 33 22 22 22 3 3 3 22 22 3 3 3 3 3 3 3 3 3 3 3 3 3 3 3 3 3 47 47 47 
31 31 32 32 32 32 32 32 3 3 32 32 3 3 32 32 3 32 31 31 29 13 13 14 14 14 8 8 8 8 8 8 8 8 2 18 46 11 11 11 37 37 30 37 37 37 42 42 42 42 22 22 32 32 3 29 3 26 29 29 29 13 13 13 13 14 13 13 13 13 13 43 43 47 47 42 26 26 26 26 26 26 26 32 32 32 32 32 32 32 32 32 3 32 35 32 35 32 32 35 47 47 
31 31 26 32 32 32 32 32 32 32 32 32 32 32 32 32 32 32 3 32 32 33 29 35 3 3 32 32 32 3 3 32 26 31 13 13 14 14 14 8 8 8 8 8 8 8 14 18 46 46 46 46 11 46 11 11 11 11 11 11 11 11 11 11 42 33 35 32 31 26 31 13 14 14 14 14 14 14 14 14 14 14 14 14 13 13 43 46 47 47 32 33 26 26 33 26 26 26 22 22 32 32 32 32 32 33 32 32 32 33 33 33 33 33 33 47 47 
31 31 31 32 32 3 3 3 3 32 32 32 3 3 3 32 3 3 3 31 31 29 13 13 14 14 14 8 8 8 8 8 8 8 14 14 4 18 21 11 11 50 50 50 50 50 50 6 6 6 11 11 11 16 24 35 35 35 31 26 23 29 13 13 14 14 14 14 14 14 14 14 14 14 14 14 14 14 14 13 13 13 18 4 18 18 43 43 43 43 43 29 43 43 3 3 3 47 26 26 42 26 26 26 27 27 27 27 27 27 33 27 33 35 35 47 47 
31 31 31 32 32 32 32 32 32 26 3 32 3 3 22 3 32 3 32 31 31 43 13 14 14 14 8 8 8 8 8 8 8 8 8 8 8 18 46 11 6 37 11 37 37 48 48 24 24 35 32 35 31 27 16 13 14 8 8 8 8 8 8 8 14 14 14 14 14 14 14 13 13 13 13 43 43 47 26 33 33 27 27 33 27 33 33 33 33 35 35 35 33 35 33 33 33 32 32 32 32 32 33 33 47 47 
31 31 31 32 32 32 3 32 32 32 32 32 32 32 32 32 32 32 3 3 31 31 43 13 13 13 14 14 14 14 14 8 14 14 14 8 8 8 8 8 8 8 8 2 18 21 21 21 21 21 21 21 21 46 46 16 46 26 33 33 35 35 35 35 3 32 27 33 29 4 14 8 8 8 8 8 8 8 14 14 14 14 14 14 14 14 14 14 13 13 13 43 43 43 22 3 3 3 3 22 3 32 3 32 3 3 3 32 32 3 32 3 3 3 3 32 3 3 32 47 47 47 
31 31 35 35 35 35 32 32 32 35 35 32 35 33 32 32 32 35 31 31 4 4 43 47 47 35 32 3 3 3 31 31 43 13 13 14 14 14 14 8 8 8 8 8 8 8 8 14 18 46 11 11 11 11 11 11 11 11 11 11 11 11 48 34 24 24 35 35 32 3 31 26 29 29 13 14 14 14 14 14 14 14 14 14 14 14 14 18 18 43 47 47 47 26 26 22 26 26 32 26 33 29 29 26 26 26 26 26 26 26 33 33 33 35 42 35 42 33 33 33 
31 31 32 26 32 26 26 32 26 26 26 32 22 22 22 22 22 26 22 22 29 29 29 32 26 22 43 43 22 22 22 3 22 3 3 3 32 32 32 32 31 31 43 13 14 14 14 8 8 8 8 8 8 8 8 8 8 18 18 18 49 49 49 49 49 46 34 42 35 32 31 31 29 29 13 14 14 8 8 8 8 8 8 8 8 8 8 8 8 8 8 8 14 2 14 14 13 13 43 47 47 35 35 24 24 24 35 35 35 35 35 35 35 35 35 24 35 35 35 32 35 35 3 32 3 32 47 47 47 
31 31 31 32 32 32 3 32 32 3 32 3 3 32 3 32 32 32 32 32 3 29 29 3 3 31 31 29 13 43 43 43 43 43 3 22 22 43 32 3 32 3 43 43 35 25 12 41 31 29 13 14 8 8 8 8 8 8 8 8 8 8 8 8 14 18 46 12 12 12 11 11 11 46 46 46 46 35 35 33 50 29 13 14 14 14 8 8 8 8 8 8 8 8 8 8 8 8 14 14 14 14 18 13 43 47 47 32 26 33 3 35 35 35 35 35 35 35 35 35 35 3 35 35 35 35 35 35 35 35 35 35 3 35 35 35 35 35 43 13 35 35 47 32 35 35 35 35 35 35 35 35 32 32 35 35 35 32 32 32 32 32 32 32 32 32 32 47 47 47 
33 33 33 35 33 33 33 33 35 35 35 35 35 35 35 35 35 35 35 31 43 13 13 13 14 14 8 8 8 8 8 8 8 8 8 8 8 8 2 18 46 46 46 46 46 46 22 6 6 6 37 37 6 45 45 34 46 29 35 35 35 3 31 31 29 43 13 14 14 14 14 14 14 13 13 13 13 13 13 13 13 43 43 43 43 3 22 26 26 26 26 33 33 33 33 33 33 26 35 35 26 33 35 26 33 35 33 35 35 35 35 47 47 
31 31 32 32 3 32 32 3 32 3 32 3 22 22 3 32 3 3 3 33 31 43 13 14 14 8 8 8 8 14 18 46 30 17 17 17 6 37 11 46 42 35 35 26 22 29 13 13 14 14 14 14 14 14 14 14 14 13 13 13 13 13 13 43 43 43 22 26 26 26 33 32 32 32 35 32 32 32 32 32 32 35 35 35 35 32 32 32 32 3 32 47 47 47 
31 31 3 3 3 3 3 3 3 3 3 3 3 3 3 22 3 3 3 3 3 3 3 35 3 3 32 26 26 33 33 26 33 42 24 24 46 35 42 24 35 31 43 13 14 14 14 8 14 8 8 8 8 14 14 18 46 11 11 11 11 11 11 11 11 11 45 45 45 42 24 33 35 32 27 7 26 43 43 43 13 13 13 13 13 13 43 43 43 43 22 3 22 35 35 35 33 35 33 33 33 33 33 26 42 42 22 26 26 26 33 33 33 26 26 26 26 33 26 33 26 26 26 32 3 26 33 33 32 3 32 3 3 3 3 3 32 47 47 
31 31 32 32 32 32 32 32 32 32 32 32 32 32 32 32 32 32 32 31 43 43 43 3 26 26 32 29 26 26 33 22 22 29 31 43 13 13 4 4 13 43 47 47 32 32 32 32 32 33 33 31 43 13 13 14 14 8 8 8 8 8 8 8 8 8 8 8 8 2 2 18 18 46 46 46 46 46 46 46 46 46 46 46 46 46 46 46 42 42 35 33 32 32 32 32 32 31 43 29 29 13 14 14 8 8 8 8 8 8 8 8 8 14 14 14 14 14 14 14 13 13 13 43 47 47 35 32 32 32 32 32 32 32 32 32 32 32 32 32 32 32 32 32 35 35 35 35 35 35 35 24 47 47 
31 31 32 32 3 32 3 3 3 3 3 3 32 32 32 3 3 31 31 29 29 13 13 13 13 14 14 14 14 14 14 14 13 13 46 45 45 45 45 45 45 45 45 45 45 45 24 24 24 35 35 3 3 26 27 33 29 4 13 14 14 14 14 14 14 14 13 13 43 47 47 26 26 26 32 3 3 3 3 3 3 3 3 3 3 3 3 3 3 3 3 3 3 3 3 3 47 47 
31 26 26 26 32 32 32 3 32 3 3 3 3 3 3 3 3 32 32 31 31 43 13 13 14 14 14 8 8 8 8 14 14 18 18 46 12 12 39 39 39 45 45 45 45 46 29 29 4 46 35 35 29 4 4 13 14 14 14 14 14 14 14 14 14 13 43 43 22 3 32 3 32 32 3 3 32 3 3 3 3 3 32 32 32 3 3 3 32 32 3 3 3 3 47 47 47 
31 31 31 3 3 3 32 32 32 3 32 3 3 3 3 3 3 3 26 26 3 43 43 3 3 32 33 31 13 13 14 8 8 8 8 8 8 8 8 8 8 8 8 8 8 8 2 18 46 37 37 37 37 37 37 37 21 29 35 47 3 3 3 3 31 31 29 13 14 14 8 8 8 8 14 14 14 13 43 43 47 33 27 26 33 32 35 3 3 3 3 3 3 32 32 3 3 32 35 32 3 3 3 3 3 35 47 47 
31 31 31 32 32 32 32 32 32 32 3 32 3 32 32 32 3 32 32 32 32 32 32 33 32 32 32 32 43 32 32 32 32 32 32 32 32 32 32 32 32 3 3 29 4 31 43 13 13 14 14 8 8 8 8 8 8 8 8 8 8 8 2 18 46 49 49 6 6 6 6 6 17 37 42 46 35 32 32 3 31 26 31 4 14 14 14 8 14 14 14 14 14 14 14 14 14 14 14 14 13 13 13 13 43 43 43 43 3 3 32 32 26 26 27 26 26 26 27 27 33 33 33 33 33 33 33 35 33 35 32 32 35 35 47 47 
31 31 31 35 35 35 3 35 35 3 3 3 3 3 32 3 31 31 31 13 13 14 14 8 8 8 8 8 8 8 8 8 8 8 8 8 14 2 18 50 50 50 50 50 50 50 50 50 50 50 11 11 11 24 35 32 3 22 22 22 26 29 29 13 14 14 14 14 14 8 8 14 14 14 14 14 14 14 14 14 13 13 13 43 3 3 3 26 32 3 3 3 3 3 3 3 35 3 3 3 3 3 3 3 3 3 3 3 22 3 3 47 47 
31 31 31 32 32 32 32 32 32 32 33 35 33 33 26 26 26 35 33 35 32 29 29 33 33 13 13 29 22 33 43 43 31 31 13 14 14 14 14 14 8 8 8 14 14 18 46 37 37 37 37 37 37 37 48 34 24 35 35 32 27 27 29 13 13 14 14 14 14 14 14 14 14 14 14 14 14 14 13 18 43 43 47 33 33 24 24 24 35 35 35 35 35 35 32 3 32 32 32 32 35 35 35 35 24 35 24 35 35 47 47 
