31 31 31 3 3 3 3 32 32 33 32 3 3 32 35 35 33 33 35 25 25 25 25 12 46 46 17 17 17 17 17 17 17 17 17 17 17 17 17 17 17 17 17 17 17 17 17 17 17 17 6 6 6 45 25 25 25 25 25 34 25 25 25 34 34 34 42 42 42 26 26 26 42 42 42 33 35 24 24 24 35 24 42 35 35 35 35 47 26 26 
31 31 32 32 3 32 32 32 3 22 32 32 3 32 32 32 32 32 32 32 46 46 35 24 34 15 15 44 45 15 15 21 16 11 45 44 44 44 44 44 30 44 44 44 44 44 44 44 44 30 45 45 45 45 45 45 45 45 45 45 37 45 45 45 45 34 34 34 34 34 11 34 25 34 42 42 27 27 27 27 26 32 32 32 32 3 3 3 3 3 3 32 32 32 32 32 47 47 47 
31 31 31 3 3 32 32 32 32 32 32 32 35 32 35 32 35 32 32 32 26 29 35 35 3 3 3 3 35 35 22 22 35 35 34 34 34 34 34 24 46 46 46 46 46 11 11 11 11 11 11 11 11 11 11 46 11 11 6 46 11 11 6 49 49 49 49 48 48 12 34 34 25 25 25 24 24 24 42 42 35 42 42 35 35 35 35 32 35 35 35 32 3 32 35 35 35 32 35 35 47 47 
31 31 31 32 32 32 32 26 35 32 32 32 32 32 35 35 35 35 31 31 31 13 4 47 47 24 25 25 24 34 34 34 46 12 46 12 17 17 30 30 30 30 30 30 30 30 30 30 30 30 30 30 30 30 30 42 34 30 34 42 42 42 42 33 33 33 33 33 33 32 33 33 33 35 35 35 35 35 35 35 35 35 35 32 32 47 47 47 
31 31 31 3 3 3 32 3 3 3 3 3 35 3 32 32 3 3 3 35 25 34 34 45 45 45 44 44 44 44 44 44 44 44 44 44 44 44 44 44 17 17 17 17 17 17 17 37 37 37 37 34 34 34 34 34 34 34 42 42 32 32 26 26 26 26 26 26 27 26 33 33 33 33 33 32 32 32 32 32 3 3 3 3 3 32 3 32 32 47 47 47 
31 31 31 32 3 3 3 3 3 3 3 32 3 26 26 26 32 26 3 31 31 43 43 43 29 29 26 3 22 3 3 3 3 32 35 35 24 24 34 25 34 34 34 34 34 15 34 11 50 50 41 41 41 41 41 41 41 41 41 41 41 41 41 41 41 41 41 41 41 41 41 41 41 41 44 44 11 11 11 11 6 37 37 30 34 34 34 34 34 34 34 34 34 34 34 42 42 42 42 42 42 42 42 42 33 33 33 33 35 35 33 35 33 32 35 32 32 32 47 47 47 
31 31 31 32 32 32 3 32 32 32 3 29 32 32 32 32 3 3 3 35 24 25 34 34 34 34 34 34 34 12 12 12 38 27 12 27 12 12 12 12 12 12 27 10 10 10 10 38 10 12 9 10 9 9 9 38 12 7 11 7 11 42 42 42 34 34 34 34 34 42 34 34 42 42 42 42 26 26 26 26 26 33 32 3 32 32 32 32 32 32 47 47 47 
31 31 31 32 32 32 32 32 32 32 32 32 32 32 32 32 32 32 32 24 34 34 30 30 30 17 17 17 17 17 17 17 17 17 17 17 17 17 17 17 17 17 17 17 17 17 17 17 17 17 30 45 45 45 45 45 45 45 34 34 34 25 34 34 34 24 24 42 26 33 33 32 35 35 32 32 32 32 32 32 32 32 32 3 32 32 32 32 47 47 
31 31 3 3 3 3 32 32 32 32 26 26 42 42 42 42 42 42 26 31 35 16 4 26 47 32 32 32 32 3 3 3 3 35 42 3 35 35 24 34 34 34 34 34 34 46 6 6 17 17 17 17 17 17 17 17 17 17 17 17 17 23 17 17 17 17 17 17 17 17 6 6 6 6 6 6 45 34 34 34 34 34 34 34 24 35 24 24 24 24 24 24 24 24 24 24 24 24 24 24 24 24 24 35 35 35 24 24 24 24 24 
31 31 31 3 3 3 3 3 3 3 32 3 32 32 26 42 35 22 22 22 46 34 45 11 21 46 50 50 50 50 50 50 50 50 50 50 50 50 50 50 50 50 50 50 50 50 11 11 11 11 11 11 11 11 11 34 34 42 42 42 42 42 42 42 42 42 22 42 26 26 42 26 26 26 26 33 35 35 33 32 32 32 35 35 35 33 33 33 33 33 33 33 33 33 33 47 33 
31 31 35 35 35 35 3 35 35 35 35 35 35 35 35 42 42 42 42 42 34 34 34 34 34 28 50 28 28 5 5 5 5 5 5 5 5 5 5 5 5 5 5 5 5 5 5 5 48 48 48 48 48 37 37 34 34 34 24 42 22 22 42 42 42 42 42 42 26 33 26 33 35 35 33 33 35 33 42 26 26 26 35 32 35 35 35 35 35 47 47 42 
33 33 33 32 35 35 33 35 35 35 32 35 35 32 32 32 35 42 42 42 34 25 25 34 34 34 34 34 11 50 50 50 16 16 41 41 41 41 41 41 41 41 41 41 41 41 41 41 41 41 41 50 50 50 21 21 6 11 34 34 34 34 25 25 25 34 34 25 25 25 34 25 25 25 25 25 25 25 25 25 25 25 25 24 25 24 24 24 24 24 24 24 24 24 24 24 
26 26 26 26 26 26 26 27 27 27 31 43 43 35 47 32 32 32 35 35 25 25 25 34 34 34 25 24 36 36 36 36 36 36 36 36 36 36 36 36 36 36 36 36 36 36 36 36 36 50 50 50 50 36 36 25 25 34 34 34 34 28 28 28 42 42 27 27 27 27 27 27 27 27 33 27 33 33 33 33 33 33 33 26 35 24 24 24 24 24 24 24 24 
31 31 31 32 32 32 32 32 32 32 32 32 32 32 33 32 35 35 3 35 24 25 34 34 34 25 25 34 12 12 36 5 5 5 5 5 5 5 5 5 5 5 5 5 5 5 5 5 5 5 5 5 5 5 5 5 5 5 5 5 5 5 42 48 48 48 48 48 48 48 48 48 34 34 34 34 34 34 34 34 34 34 34 34 24 42 42 42 42 27 26 26 26 26 33 27 33 33 33 33 33 33 32 32 32 32 32 32 32 32 32 32 47 47 47 
31 31 35 35 35 35 22 22 35 35 35 35 35 35 35 35 35 35 35 24 24 25 25 24 46 18 16 16 16 36 36 36 36 36 36 36 36 36 36 36 36 36 36 50 50 50 50 11 11 34 34 34 34 34 34 25 34 24 24 24 24 24 24 24 24 24 24 24 24 24 35 24 24 35 24 35 35 35 35 35 35 47 47 
31 31 31 35 32 32 3 32 3 32 3 32 3 32 32 32 3 3 32 32 26 26 16 29 32 32 32 3 3 32 32 32 35 31 43 43 13 3 47 32 3 35 24 25 25 25 25 34 25 25 25 25 46 16 16 16 16 16 16 16 16 16 16 16 16 16 16 16 16 16 16 16 16 16 16 16 16 16 16 16 16 16 36 25 25 25 25 25 25 25 42 34 34 27 42 42 42 35 32 35 32 32 26 33 35 35 35 35 33 35 47 47 
31 31 31 3 3 3 32 3 3 3 3 3 3 32 33 33 42 42 42 34 25 25 11 12 7 7 7 7 36 36 7 7 44 7 44 39 39 39 44 12 17 17 12 11 11 19 25 34 34 34 34 34 34 34 24 42 24 24 24 24 35 35 35 35 3 3 3 3 3 32 3 3 3 3 47 
31 31 3 3 3 32 3 32 3 3 26 26 3 3 35 32 3 3 3 3 26 26 26 31 31 3 43 13 33 27 25 25 25 25 34 34 34 11 46 46 46 16 41 41 41 41 41 41 41 41 41 41 41 41 41 41 50 50 50 50 50 21 21 21 21 49 6 6 48 46 34 34 34 34 34 34 34 25 25 25 25 25 34 24 24 25 24 24 24 24 24 24 24 24 24 24 24 24 24 24 24 24 24 24 24 24 24 
31 31 31 35 32 3 35 42 42 42 42 34 34 34 12 12 12 12 12 12 23 12 12 12 12 12 12 12 12 12 12 12 46 11 11 12 24 34 34 34 34 34 42 34 34 25 25 25 25 25 24 24 24 35 35 3 3 3 3 3 3 32 35 35 24 24 24 
31 31 32 33 26 32 26 26 32 32 32 32 33 32 3 32 32 42 34 34 34 25 15 34 34 15 15 34 11 7 50 50 50 50 50 50 50 50 50 50 50 50 45 6 6 6 11 11 12 7 7 11 24 24 46 29 22 26 26 26 26 26 26 26 26 33 32 32 32 35 35 32 32 32 32 32 32 3 47 47 47 
31 31 31 3 3 3 3 43 3 32 3 35 35 35 26 33 26 27 27 27 25 25 25 25 25 25 34 34 15 25 44 44 44 44 44 44 44 44 44 44 44 44 44 44 44 44 44 44 44 44 44 45 45 45 45 45 45 45 45 45 45 45 15 15 25 25 25 25 25 34 25 25 25 25 25 24 24 24 24 42 33 33 35 35 35 35 32 32 35 47 47 47 
31 31 31 32 32 3 32 32 3 3 32 32 32 32 35 32 32 3 3 32 32 43 43 35 35 35 29 29 29 29 22 22 22 22 22 22 3 22 22 22 3 26 26 26 26 26 26 26 3 43 24 24 35 25 34 34 34 34 34 34 34 11 50 50 50 50 50 28 28 28 28 28 28 28 28 28 50 50 50 6 6 6 6 6 6 6 6 6 34 34 34 34 34 34 34 12 11 12 24 42 42 27 42 27 27 42 27 42 42 42 42 24 35 35 32 32 32 32 35 32 35 32 32 35 35 47 47 47 
31 31 31 3 3 3 3 3 3 3 3 3 3 3 3 3 3 3 3 3 22 43 43 3 3 3 3 3 3 3 35 35 24 34 34 34 34 34 34 24 16 46 23 23 23 5 5 5 5 5 5 17 5 30 5 17 17 5 30 17 17 17 12 12 30 11 34 34 42 42 42 42 42 42 42 35 35 32 3 3 3 3 3 3 3 3 3 32 3 3 32 3 3 3 22 47 
31 31 32 32 32 32 32 32 32 35 32 32 35 32 32 26 26 42 26 31 31 43 29 3 3 3 3 3 32 35 35 35 25 24 24 25 34 46 46 34 34 46 16 23 23 23 23 23 23 23 23 23 23 23 23 23 23 23 23 23 23 23 23 23 23 23 23 23 23 49 49 49 49 49 49 48 48 46 46 46 24 24 24 24 24 24 24 24 24 24 24 24 33 33 33 33 33 33 33 33 33 33 33 33 33 24 33 35 35 47 47 
31 31 31 3 3 3 32 35 35 42 25 25 42 26 32 35 32 35 35 35 35 29 29 29 14 14 29 47 47 32 33 33 32 26 26 26 33 33 32 3 22 35 24 25 34 34 34 34 46 46 11 12 12 30 30 30 30 30 30 30 30 15 44 15 15 44 45 45 5 11 45 45 45 45 45 45 45 11 34 34 34 34 34 34 34 12 12 12 12 27 27 42 26 26 26 26 26 26 26 26 33 33 26 33 27 26 33 33 33 33 33 22 22 24 24 24 42 
33 33 32 33 32 33 33 32 33 35 32 32 32 32 32 32 32 33 31 31 43 13 43 26 47 32 3 3 32 3 3 32 32 32 3 32 33 43 43 42 24 25 25 25 25 25 25 34 34 12 30 17 17 17 17 17 17 17 17 17 17 17 17 45 30 45 45 45 30 11 16 12 30 30 34 34 34 34 34 34 34 34 34 42 42 42 42 33 33 35 24 24 35 33 24 35 35 35 35 35 33 33 33 33 33 26 26 26 
31 31 31 3 3 43 22 22 22 3 3 3 3 22 3 3 32 35 35 35 35 24 25 25 25 34 44 50 50 50 28 28 28 28 28 28 28 28 28 28 28 28 28 28 50 50 6 11 45 34 25 25 25 25 25 25 34 45 42 42 42 22 42 27 42 33 24 24 24 24 24 24 24 24 35 35 24 35 35 35 35 35 47 47 
31 31 31 32 3 3 3 3 3 3 3 3 3 3 3 3 32 32 35 42 34 34 34 34 42 42 26 26 27 27 27 27 27 27 27 27 27 27 27 27 27 44 27 27 42 42 45 45 45 45 45 34 34 34 34 34 34 34 34 25 24 24 42 42 42 32 3 22 32 3 3 3 3 3 3 3 3 3 47 47 
31 31 31 35 3 3 3 3 3 3 3 32 3 32 32 35 33 35 35 24 34 34 34 34 34 46 11 46 46 46 41 41 12 12 12 41 12 41 12 12 46 46 46 46 46 46 46 46 46 24 24 24 34 34 25 34 34 34 34 42 24 35 24 24 24 35 46 42 27 42 35 42 42 42 27 33 33 33 33 33 33 33 33 33 32 33 32 35 35 35 32 35 32 35 35 47 47 
31 31 31 3 3 32 26 26 3 29 3 3 3 3 3 35 26 42 42 42 24 25 25 25 25 25 25 25 34 17 17 17 17 50 17 17 17 17 17 17 17 44 7 44 44 44 17 17 17 17 17 17 17 17 6 45 45 45 45 30 45 34 34 34 34 34 34 34 34 34 34 42 42 42 27 27 27 27 26 26 33 32 32 32 32 3 3 3 3 3 3 3 47 47 
33 33 32 32 32 26 22 32 32 32 32 3 3 32 32 32 33 33 33 33 24 25 25 25 25 25 25 25 50 50 50 50 50 50 50 50 50 50 50 50 50 50 50 50 50 50 50 50 50 50 50 50 16 50 16 16 16 50 11 11 11 25 15 25 25 34 34 34 42 42 42 42 42 42 42 42 42 42 42 42 42 42 42 42 42 33 26 42 42 42 42 42 47 42 
31 31 32 32 32 32 32 3 3 3 3 3 3 3 3 3 3 3 35 24 25 25 25 25 25 25 25 25 25 25 25 25 25 25 11 11 50 50 28 28 28 28 28 28 28 28 28 28 28 28 28 28 28 28 28 28 28 28 28 28 28 28 28 28 28 28 28 28 25 25 11 25 25 25 25 25 25 25 25 25 25 11 11 42 42 26 26 26 26 26 26 26 26 26 26 26 26 32 3 32 32 32 32 3 3 32 3 3 32 47 47 47 
31 31 31 32 3 32 32 32 33 26 32 32 32 32 3 3 35 35 35 24 34 34 34 34 34 34 34 34 11 17 17 17 17 17 12 12 12 46 46 12 12 12 12 46 12 12 12 12 27 27 27 42 42 42 42 42 42 42 42 42 42 42 42 34 42 42 42 42 42 42 42 33 32 32 42 42 26 26 26 26 33 33 32 26 47 47 47 
31 31 32 32 26 33 26 26 32 26 26 26 26 26 26 26 26 26 26 26 32 43 43 35 47 32 35 32 3 35 24 25 25 34 34 30 11 11 34 46 12 23 41 41 41 41 41 41 41 41 41 41 41 41 41 44 41 44 44 44 50 50 45 50 50 50 6 11 45 15 34 25 25 25 25 25 25 34 42 42 42 42 26 27 27 33 33 32 32 32 35 35 35 35 35 33 33 47 47 
31 31 31 3 32 3 3 32 29 43 3 3 32 3 32 32 32 35 35 32 32 32 43 43 24 35 24 34 34 34 34 34 34 34 46 11 50 50 50 50 50 50 50 50 50 50 17 17 17 17 17 17 17 17 50 50 17 50 50 11 11 11 11 11 11 11 34 34 34 34 34 34 34 34 34 34 24 24 24 24 24 24 24 33 24 24 33 24 24 24 24 24 24 24 33 33 33 42 33 42 24 24 33 33 
31 31 31 35 35 32 32 32 32 35 35 32 35 24 25 34 24 24 42 24 24 34 34 34 11 6 21 50 50 50 50 50 50 50 50 44 50 50 50 7 7 7 11 11 11 11 11 11 34 34 34 34 34 34 34 34 34 24 24 33 27 42 42 33 27 26 33 33 32 35 32 32 32 32 32 32 32 32 32 26 47 47 33 
31 31 31 32 32 3 3 32 32 3 3 32 3 3 3 32 32 32 32 35 24 25 25 34 34 34 46 46 50 46 16 41 41 41 41 41 41 41 41 41 41 41 41 41 41 41 41 41 41 41 41 41 41 23 41 41 41 46 46 46 46 46 46 46 6 6 48 48 48 48 48 48 34 34 25 25 34 25 25 25 25 34 25 25 25 24 35 24 24 35 3 3 32 32 32 32 32 33 32 32 32 33 35 35 32 32 35 35 35 35 35 35 32 47 47 47 
31 31 31 3 32 32 35 35 35 35 35 35 24 24 24 24 24 24 24 35 35 22 29 29 41 12 12 12 30 12 12 12 23 12 12 17 12 12 12 12 12 12 12 39 39 39 12 12 12 12 12 12 11 11 11 11 11 11 11 34 25 25 34 34 34 34 34 34 34 34 24 24 33 42 42 42 42 42 33 33 32 35 32 35 35 35 35 47 47 47 
31 31 31 32 32 3 3 3 32 32 3 3 3 32 32 32 32 35 35 24 25 34 34 34 34 34 11 23 23 23 23 23 23 23 23 23 23 23 23 23 23 23 23 23 17 17 17 17 17 6 6 6 37 37 37 37 34 34 34 34 34 34 34 34 34 34 34 24 11 24 24 24 46 16 16 35 35 35 3 35 35 35 32 32 32 32 26 33 26 42 42 42 33 33 33 33 33 35 35 35 32 47 47 47 
33 33 33 33 33 33 35 32 32 32 3 3 32 3 3 3 29 22 26 26 3 43 3 27 35 42 34 34 34 34 34 34 34 12 41 41 12 12 12 12 36 12 10 9 12 38 36 7 11 7 7 15 34 34 34 34 34 24 46 46 46 24 24 24 42 27 27 42 27 27 27 27 27 33 33 24 24 33 33 33 33 33 24 24 33 33 33 33 24 47 
31 31 35 32 32 3 35 35 32 32 32 3 3 35 35 32 32 35 32 35 25 25 15 15 15 15 15 15 11 45 17 17 17 17 17 17 17 17 17 17 17 17 17 17 17 17 17 17 17 17 17 17 17 17 17 17 17 17 45 45 45 45 37 37 37 37 37 45 45 34 34 34 34 34 34 34 34 34 34 24 24 42 27 27 26 26 26 27 42 33 33 42 33 35 35 35 35 35 47 47 47 
31 35 35 32 32 35 35 32 35 35 35 35 35 35 32 3 32 3 3 3 26 33 26 26 33 26 26 26 32 3 3 35 35 32 32 33 42 34 34 34 34 34 34 45 45 6 50 17 17 17 17 30 30 30 30 30 17 17 17 17 17 17 17 17 17 17 17 45 45 34 34 34 34 34 34 24 24 24 35 35 35 24 33 33 24 24 24 24 24 24 35 35 33 35 35 35 32 35 47 47 47 
31 31 35 35 3 3 35 3 3 3 32 3 3 32 3 3 32 35 24 25 25 15 15 15 15 15 15 15 15 39 44 44 44 44 44 44 44 44 44 44 44 44 44 44 39 39 39 15 15 15 15 15 45 45 45 45 15 34 34 34 34 34 24 24 35 35 35 35 22 35 35 35 32 32 3 3 32 32 32 32 32 32 3 32 32 3 3 3 47 47 
31 31 31 32 32 32 32 32 32 32 32 32 32 32 32 32 32 32 32 31 32 43 43 43 3 47 32 32 35 24 34 25 34 34 34 34 48 23 23 23 23 23 23 16 23 23 23 41 23 23 23 41 23 16 46 46 46 46 46 46 46 46 46 6 6 48 24 34 34 24 34 34 34 34 34 34 34 24 24 34 24 25 25 25 25 25 24 24 24 24 24 24 24 24 24 35 24 24 35 24 24 24 
31 31 32 33 32 32 32 32 32 32 32 32 32 32 32 32 32 32 31 31 43 13 43 43 47 3 3 3 3 35 35 24 25 15 15 30 30 10 44 44 44 44 44 44 44 44 44 44 44 44 27 44 44 44 44 15 15 27 15 15 15 15 15 15 15 15 15 15 15 15 34 34 25 25 25 24 24 24 35 32 32 32 35 35 35 35 35 35 35 35 35 35 35 32 3 32 32 3 47 47 47 
31 31 3 3 22 22 22 26 22 22 22 22 22 22 32 26 3 3 3 31 3 29 29 32 31 29 4 4 4 29 29 29 29 3 35 35 3 32 3 24 25 1 1 1 1 1 10 11 12 7 7 44 44 44 44 44 44 44 44 44 44 44 44 44 44 44 44 44 44 45 45 11 45 45 45 45 10 25 25 25 25 25 34 34 34 34 25 24 24 35 33 35 32 35 35 33 32 32 32 32 32 3 35 32 32 32 26 26 32 32 47 47 
31 31 3 3 3 3 3 3 3 3 3 3 32 3 3 3 43 3 3 3 35 24 25 1 1 25 25 30 12 7 7 50 44 44 44 44 44 44 44 44 44 44 44 17 17 45 30 37 37 30 30 19 25 25 25 25 34 25 25 34 34 42 42 42 33 32 32 35 35 32 32 35 35 35 35 35 32 26 35 32 47 47 47 
31 31 31 32 32 32 32 32 3 32 32 33 33 32 32 33 33 35 33 24 25 25 25 34 15 34 34 34 30 17 23 23 23 23 23 23 23 23 23 23 23 23 23 23 23 23 23 23 23 23 17 17 17 17 17 17 45 45 45 45 45 45 15 15 34 25 25 25 24 11 42 24 33 35 3 3 32 33 33 33 33 33 33 33 35 35 35 32 35 35 32 32 35 32 47 47 47 
31 31 31 3 3 3 3 35 35 35 35 3 3 32 35 26 35 42 34 34 34 34 34 11 6 50 50 50 50 50 50 50 50 50 50 50 50 50 50 50 50 50 50 50 50 50 50 50 50 21 21 6 6 6 6 45 34 34 34 34 34 34 34 34 25 25 34 34 42 42 35 33 32 35 3 3 3 3 3 3 3 3 22 3 3 3 3 3 3 3 3 3 3 3 47 47 
31 31 32 32 32 35 35 35 35 22 22 22 22 29 32 32 33 35 35 24 25 25 25 11 17 23 17 17 17 17 17 17 17 17 17 17 17 17 17 17 17 37 37 30 30 34 24 25 25 27 33 33 24 24 24 24 24 24 24 24 24 24 24 35 24 35 35 35 35 35 35 35 35 35 33 
