31 31 35 35 32 3 3 3 3 3 3 3 3 32 35 35 33 35 35 31 31 29 4 14 14 18 46 46 46 21 21 46 46 46 11 11 11 11 11 11 12 20 20 40 40 12 36 36 25 24 33 24 35 24 24 24 24 35 24 24 24 24 35 33 35 24 24 42 24 35 35 35 35 35 35 47 47 47 
26 26 26 26 26 26 26 26 33 26 26 26 32 26 26 26 26 26 26 26 32 31 31 43 43 43 3 3 3 32 33 32 3 31 31 31 29 14 14 13 18 6 6 6 6 6 6 6 6 6 45 6 45 45 45 45 45 45 39 39 39 39 39 39 39 39 10 10 10 25 27 27 27 27 27 27 27 33 33 32 32 32 32 32 32 32 32 32 32 32 33 3 32 32 47 47 47 
31 31 26 22 22 42 42 42 32 32 3 35 35 35 3 3 3 3 3 31 31 29 18 13 46 18 18 18 21 46 46 11 46 11 11 11 46 46 46 41 12 12 19 25 25 25 25 24 24 33 33 35 35 35 35 3 35 35 35 32 35 35 3 32 35 3 3 32 32 3 3 47 47 47 
31 31 31 32 3 3 3 32 32 3 3 3 3 3 32 3 32 3 3 31 31 43 4 29 47 32 32 3 43 43 43 35 47 3 32 31 31 31 13 14 14 13 46 6 6 17 17 17 17 45 45 45 45 45 30 30 10 25 27 27 27 27 33 26 27 33 33 26 32 32 33 32 35 32 32 32 3 3 3 3 3 3 3 32 47 47 47 
31 31 31 3 3 3 32 3 3 3 32 32 3 32 32 35 32 3 31 31 22 43 13 13 14 13 13 43 46 11 45 45 45 45 45 45 45 45 45 45 45 45 45 45 45 45 45 30 19 19 19 19 12 44 27 12 24 27 33 26 26 26 26 26 26 26 26 26 26 26 42 42 24 33 33 33 32 32 47 47 
31 31 31 3 3 3 3 3 3 32 3 3 32 32 32 3 32 3 31 31 31 13 14 14 8 8 14 14 14 4 21 6 6 21 21 6 6 6 6 11 11 50 11 11 11 11 30 11 30 30 10 10 10 10 10 10 10 10 25 25 25 25 27 27 27 27 27 27 33 33 33 24 24 24 33 35 33 35 33 35 35 35 35 32 32 47 47 47 
31 31 26 32 3 3 3 3 3 32 32 3 3 32 3 3 3 31 31 31 13 4 4 14 13 4 46 6 11 11 11 11 11 11 11 11 11 11 11 11 11 11 12 12 25 25 24 25 25 25 25 27 27 27 33 33 33 33 33 33 24 35 24 35 35 35 35 35 32 47 47 47 
31 31 32 32 32 32 32 32 32 32 32 32 32 32 32 32 32 32 31 31 22 4 4 4 43 29 29 46 21 6 11 11 11 11 11 11 11 11 11 11 11 11 11 11 11 45 45 30 30 10 10 25 25 34 34 34 27 27 26 26 26 26 26 27 26 26 26 26 32 33 26 26 32 32 32 32 32 32 47 47 
31 26 35 33 42 26 42 42 42 26 42 42 42 42 26 42 26 22 22 26 22 4 29 29 4 13 29 47 47 22 29 26 42 33 32 35 35 3 3 35 24 32 3 22 3 3 3 3 31 31 31 13 14 2 2 18 18 21 21 21 21 21 21 21 21 21 21 21 21 6 6 11 21 21 21 11 7 12 12 12 12 12 46 12 24 24 24 24 24 24 24 24 24 24 35 35 35 24 35 35 35 35 35 35 24 24 24 24 24 35 24 24 24 
31 31 35 22 3 3 3 32 32 26 26 33 27 33 32 26 35 35 32 26 26 26 26 26 35 33 33 35 35 35 35 35 35 35 35 35 35 35 29 31 29 4 2 14 2 4 4 16 21 50 21 21 21 21 21 21 21 23 20 20 20 20 36 40 25 24 35 35 33 33 24 24 24 24 24 33 33 33 33 24 24 24 24 24 24 27 24 24 24 24 24 35 35 33 42 42 24 42 24 24 33 26 22 22 42 42 42 24 24 24 24 24 35 24 35 35 35 27 27 27 3 3 3 3 22 24 24 35 35 35 35 33 33 32 3 42 35 35 35 43 43 43 43 43 43 22 22 35 35 3 3 3 22 3 3 35 35 32 35 35 35 35 35 35 35 35 35 24 33 33 47 
31 31 35 35 32 35 35 35 3 35 3 3 35 3 35 35 35 35 32 31 22 43 13 13 13 4 46 6 6 6 6 6 6 6 6 45 45 12 10 10 10 10 10 10 24 33 33 33 35 35 35 35 35 35 35 35 35 35 35 35 35 35 35 35 35 35 35 35 35 35 47 47 
31 31 32 32 32 32 32 35 35 32 32 32 32 32 32 32 32 32 32 35 35 43 43 43 47 47 32 31 31 13 14 8 8 2 14 4 4 18 21 21 21 21 21 21 21 21 21 21 21 21 21 21 21 21 21 21 21 21 21 7 7 36 25 25 25 25 25 25 34 25 24 24 24 24 24 24 24 24 24 24 24 24 24 24 24 24 24 24 24 24 24 24 24 24 
26 26 26 26 26 26 33 33 33 24 35 35 35 35 32 3 3 32 3 32 31 31 43 13 14 2 18 18 18 16 21 21 36 36 36 36 36 36 36 36 1 36 36 1 1 25 27 33 32 32 43 43 3 32 3 3 3 3 3 32 3 3 3 3 3 3 3 3 3 3 3 3 47 47 
31 31 32 32 32 32 32 32 32 33 33 32 32 35 35 32 32 32 32 32 32 3 29 35 32 32 3 32 32 32 32 31 31 31 13 14 14 14 14 13 13 18 46 11 11 11 11 11 11 11 11 11 11 11 11 11 37 11 11 11 11 34 34 34 34 34 34 34 34 34 34 34 15 34 34 34 34 34 27 27 27 27 27 27 27 27 27 27 27 27 27 33 27 33 33 33 33 33 33 32 32 32 32 32 32 47 47 
31 31 35 35 35 3 3 32 3 22 3 32 35 35 35 35 35 35 35 35 35 29 32 35 35 6 6 45 35 35 35 32 35 35 31 29 43 46 11 11 21 11 50 50 7 7 7 7 7 7 7 7 7 7 25 25 25 25 24 24 24 24 24 24 25 24 24 24 24 24 24 24 24 35 35 33 35 35 46 35 35 35 24 24 
31 31 31 32 3 32 3 3 3 3 32 3 32 32 3 3 32 3 3 3 3 43 43 32 32 32 35 35 32 3 32 3 32 32 31 31 43 14 8 14 21 21 21 18 18 18 21 18 18 18 21 21 21 21 21 21 21 6 11 34 34 25 25 25 25 25 24 24 42 42 26 26 26 26 33 26 26 26 26 32 33 33 33 33 33 33 33 33 47 47 
31 31 31 3 32 3 3 3 3 32 35 32 32 3 3 3 32 3 3 31 33 4 13 18 18 18 18 16 46 11 11 6 6 6 11 11 11 11 45 45 39 12 39 10 10 10 10 10 25 25 25 25 25 27 27 27 27 27 33 33 33 33 35 35 35 35 35 35 3 32 3 3 3 3 3 3 47 47 
31 31 31 3 32 32 32 3 3 3 32 3 3 32 32 22 22 32 26 26 35 35 32 32 32 32 3 32 3 22 22 22 32 32 3 31 31 4 14 14 2 18 18 18 46 21 21 21 21 21 21 21 21 21 21 21 11 11 11 11 11 11 11 10 25 25 25 25 25 25 34 25 25 25 25 24 24 25 25 25 24 24 24 24 24 24 24 24 24 24 24 24 24 24 24 24 24 24 24 24 24 
31 31 31 3 3 3 3 31 31 29 13 13 4 29 46 46 11 11 11 11 11 11 11 11 23 23 11 11 11 11 11 7 12 12 12 25 27 25 25 25 25 36 25 24 24 24 24 24 35 35 35 35 35 32 35 32 32 32 35 35 35 35 47 42 
31 31 31 32 32 32 32 32 32 3 3 32 35 35 35 32 32 35 31 31 31 4 18 18 43 11 45 45 45 45 50 45 45 45 45 11 11 45 45 11 12 7 7 10 25 25 27 27 26 26 33 26 33 33 33 33 33 33 32 32 32 32 32 32 32 32 32 32 32 32 32 47 47 47 
31 31 31 3 3 3 32 35 35 22 22 32 32 32 32 3 3 32 3 32 31 22 29 43 42 11 11 11 7 45 45 45 45 45 45 45 45 45 45 45 45 45 15 15 15 44 7 7 10 10 10 10 25 10 25 25 25 25 24 24 35 35 35 35 32 35 32 35 35 35 35 32 32 32 32 32 32 35 32 32 47 47 47 
26 26 26 26 26 26 42 26 26 26 26 32 26 32 32 32 32 35 32 32 22 43 22 43 3 35 32 32 32 32 3 3 31 31 31 14 8 8 14 14 18 18 18 21 21 21 21 21 21 21 21 21 21 23 23 23 23 23 20 12 20 12 12 12 12 12 27 27 27 27 26 27 42 33 33 33 42 33 35 33 35 33 32 32 35 32 32 32 33 47 47 47 
31 31 22 22 22 3 3 3 32 3 3 3 3 3 3 3 3 32 31 31 31 4 14 14 13 18 46 37 37 37 6 37 37 37 37 37 37 37 37 45 45 45 11 11 34 34 34 34 24 34 24 24 24 42 42 35 35 22 3 32 3 32 32 32 35 32 3 3 32 3 3 47 47 47 
31 31 32 32 32 32 32 32 32 32 32 26 26 26 26 26 26 26 26 31 32 43 43 3 3 32 3 3 35 33 32 3 31 31 31 13 14 14 14 14 18 4 29 46 21 21 6 11 23 23 23 23 23 23 23 23 23 23 23 23 23 23 20 20 20 20 36 36 36 36 25 24 24 24 42 33 33 42 33 42 33 27 24 33 33 33 33 33 33 35 35 35 32 35 32 32 32 3 47 47 47 
31 31 31 3 32 32 32 3 3 3 3 3 3 32 3 3 3 3 3 32 31 31 3 4 4 43 47 47 43 32 32 3 32 32 31 31 31 13 13 14 14 4 46 6 45 45 6 45 45 45 45 45 45 45 15 15 39 39 39 10 25 25 25 25 25 25 25 34 24 33 33 33 33 35 35 35 35 35 35 35 35 32 32 32 32 32 32 32 32 32 35 47 47 
31 31 31 32 3 32 32 32 32 3 32 32 32 32 32 32 32 32 31 31 29 4 29 43 43 35 35 32 22 29 22 32 22 29 29 3 3 3 32 3 31 22 4 14 14 18 46 46 11 11 11 6 45 45 45 45 11 45 45 45 45 45 45 45 34 45 15 25 15 25 34 34 42 27 27 27 27 27 27 27 27 27 27 27 27 27 27 27 27 27 27 27 24 33 33 33 33 
31 31 35 42 35 3 3 3 31 31 31 13 14 14 14 4 43 46 46 34 34 34 25 15 25 25 9 9 1 1 1 1 25 25 25 27 27 42 33 24 24 24 33 24 24 24 24 24 35 24 35 35 35 35 35 32 3 3 3 3 47 47 
31 31 3 3 3 32 32 3 3 35 3 3 32 3 3 3 3 3 3 31 31 43 43 43 3 3 32 3 3 3 3 3 3 32 3 3 3 32 31 31 43 13 14 14 14 14 14 4 4 46 45 45 45 45 45 45 45 45 45 45 15 15 15 15 10 10 10 10 10 10 10 25 27 24 33 33 32 32 3 32 3 3 3 32 3 32 3 3 3 3 32 47 47 47 
31 31 31 3 3 3 3 3 3 32 26 26 26 26 32 3 3 32 32 31 31 13 14 8 8 14 18 18 21 21 21 21 21 21 21 21 46 11 11 11 12 12 12 12 25 25 25 24 27 33 24 24 24 24 24 24 24 24 24 24 24 24 24 24 24 24 24 24 24 24 24 24 24 24 
31 31 3 3 3 3 32 3 3 3 3 3 3 3 3 3 3 3 31 43 4 14 14 14 4 4 4 29 6 6 45 45 45 6 45 45 45 39 39 39 39 39 39 39 39 39 10 9 9 10 25 25 27 27 27 27 27 33 42 33 33 35 35 35 35 32 32 32 32 35 35 35 32 35 35 32 32 47 47 47 
31 31 31 3 3 26 26 3 3 32 32 32 32 32 33 33 33 31 31 31 13 13 3 47 3 3 31 31 4 13 4 16 21 21 21 21 21 21 21 21 21 21 21 21 21 21 21 21 21 21 21 21 46 11 12 25 25 25 25 25 24 24 33 42 42 42 42 42 42 42 42 42 42 42 42 42 33 42 33 42 42 42 42 42 42 24 24 
31 31 3 3 3 3 3 3 3 3 3 3 3 3 3 3 3 3 3 31 31 13 14 8 8 8 2 18 18 16 28 28 28 28 28 28 50 50 50 50 50 50 50 50 50 50 50 50 11 11 11 11 11 12 25 25 25 25 25 25 42 42 42 33 35 35 24 24 24 24 24 35 3 3 3 3 3 3 3 3 3 47 47 
31 31 31 3 32 32 32 32 32 22 22 3 3 3 32 32 3 3 3 31 31 43 13 14 14 13 43 46 11 11 11 11 11 11 11 11 11 11 11 11 11 34 34 34 34 34 34 34 24 24 24 24 42 33 33 27 42 42 27 33 27 33 33 32 32 32 35 35 32 35 35 35 47 47 
26 26 26 26 26 26 26 26 32 32 32 22 22 32 3 32 32 35 35 32 31 31 43 13 14 14 4 4 21 11 11 11 11 11 11 11 11 11 11 11 11 11 11 11 10 10 10 10 10 10 10 10 25 25 25 27 33 27 33 27 33 33 33 35 24 35 24 35 35 35 35 35 35 35 35 35 32 35 47 47 47 
31 31 22 22 22 3 32 22 22 22 26 26 22 22 3 3 3 3 3 31 31 29 29 29 47 3 35 35 33 32 43 43 3 3 31 31 43 13 14 14 8 2 14 18 21 21 21 21 21 21 21 6 6 6 6 6 6 50 6 45 45 45 45 15 10 10 10 10 10 34 34 34 27 27 27 27 24 24 33 33 42 42 42 24 42 42 33 24 33 33 33 33 33 24 33 33 24 27 33 
31 31 31 3 3 32 32 32 32 32 3 3 32 32 32 32 32 3 32 31 31 43 4 14 14 18 43 6 6 6 6 6 6 6 6 6 6 6 50 50 45 45 44 10 40 40 25 25 25 25 24 26 26 33 27 27 27 27 42 42 42 42 42 42 42 42 42 42 42 42 42 42 42 42 42 33 42 42 42 
31 31 31 32 32 3 32 3 3 32 3 3 3 3 3 3 3 3 32 31 31 29 14 14 14 14 4 18 16 16 21 21 21 21 21 21 21 21 21 21 21 21 21 21 21 21 21 21 21 50 41 41 41 41 41 41 40 40 40 40 40 40 40 40 40 40 40 40 40 40 40 40 40 40 25 24 33 33 27 27 27 33 33 26 26 26 33 32 32 32 33 33 47 47 
31 31 32 33 32 26 33 33 42 32 3 3 32 26 26 32 22 3 31 31 29 4 4 29 47 35 3 35 32 31 31 43 13 14 14 13 18 46 11 21 21 21 21 21 21 21 21 21 11 11 11 11 11 11 11 11 11 46 24 24 25 24 24 25 24 24 24 46 46 24 24 35 35 24 33 35 33 33 33 33 35 35 33 35 42 35 35 35 35 24 33 35 33 33 35 24 33 47 
31 31 33 35 3 32 32 3 3 3 3 32 32 35 32 3 3 3 3 31 31 43 14 8 8 8 14 14 14 18 49 49 21 21 21 21 21 21 21 21 21 6 6 6 6 11 11 11 11 12 12 12 12 12 12 12 12 12 12 25 12 25 25 25 25 25 25 24 24 35 35 35 35 24 24 24 24 24 24 24 24 42 42 42 42 24 42 24 
31 31 32 35 35 42 24 24 35 3 31 31 43 4 29 3 47 3 3 3 3 32 35 33 29 3 3 3 35 22 29 22 33 33 42 22 31 35 29 4 29 32 31 31 4 14 2 18 18 46 11 21 11 7 7 7 7 39 7 39 7 7 7 10 10 25 24 24 24 25 10 24 35 25 25 25 25 24 24 24 24 24 24 24 24 24 35 35 35 35 35 35 24 35 35 35 35 35 35 35 24 47 
35 31 35 35 35 35 35 35 35 35 32 32 32 32 32 35 3 35 35 32 22 43 35 35 35 35 35 35 35 35 31 31 22 14 8 8 14 14 4 18 11 11 46 11 11 11 11 11 11 11 11 11 11 11 45 45 45 45 45 34 15 15 10 10 10 10 1 25 25 25 25 25 25 25 25 27 27 27 27 27 27 27 27 27 27 33 33 33 33 33 33 33 35 33 42 42 
31 31 31 32 32 32 32 3 3 3 32 32 32 32 32 32 32 3 32 32 32 26 26 33 32 32 32 3 3 32 35 3 3 32 3 31 22 43 13 13 4 46 37 37 6 11 11 45 45 45 45 45 45 45 45 30 30 45 34 25 27 27 27 27 26 26 26 27 33 26 33 35 35 35 35 24 24 35 35 24 35 35 35 47 47 
31 31 3 3 3 3 3 32 35 22 3 3 3 3 3 3 3 3 3 31 22 29 4 46 46 11 11 11 11 11 11 11 11 11 11 11 11 11 11 34 34 34 34 34 34 34 34 34 11 34 10 10 10 10 34 27 27 27 27 26 26 26 27 27 33 33 33 33 32 32 32 32 32 3 3 3 3 32 32 32 47 47 47 
29 31 26 3 26 32 32 3 3 32 32 33 33 33 33 32 32 32 32 32 32 22 22 32 32 32 32 33 32 22 22 22 32 26 31 32 29 29 33 29 32 32 3 32 32 32 32 32 32 24 24 33 32 32 32 32 32 32 31 22 29 29 46 46 46 46 46 46 46 46 46 46 46 46 46 46 46 46 46 46 46 46 46 46 46 46 46 46 46 46 12 12 34 25 25 24 25 24 24 35 35 35 32 32 35 35 32 32 35 35 32 32 32 32 32 32 32 32 32 32 32 47 47 47 
31 31 32 32 32 32 32 32 32 32 32 32 32 32 32 32 32 3 3 3 22 29 43 43 47 3 3 3 3 3 31 22 29 13 13 4 29 22 42 15 45 45 45 45 45 15 15 15 15 15 15 15 15 15 15 15 15 15 15 15 10 25 25 25 25 24 24 33 33 33 32 32 32 3 32 33 32 26 3 3 3 3 3 3 3 3 32 3 47 47 
31 31 3 3 32 3 3 3 3 3 3 3 3 3 3 3 3 3 3 32 26 26 3 3 32 32 32 32 32 3 3 32 32 32 32 3 32 3 32 3 43 43 3 3 3 3 3 22 22 22 3 3 22 3 32 3 32 3 3 3 3 3 31 31 29 4 4 4 46 46 11 11 7 11 7 7 7 7 7 11 7 7 7 7 15 25 10 10 10 10 10 1 25 25 25 24 35 35 35 35 32 32 35 32 3 35 32 3 32 32 32 3 3 3 3 3 3 32 3 3 3 47 
31 31 31 32 32 32 32 3 3 3 3 3 32 3 32 3 3 3 3 3 43 13 3 3 3 3 3 31 31 31 13 14 14 14 14 18 18 46 46 46 11 11 11 11 11 11 11 10 15 10 10 10 10 10 10 10 10 10 1 1 25 25 27 27 33 33 33 35 32 3 3 3 3 3 3 3 3 3 3 3 3 3 3 3 3 3 3 47 47 
31 31 33 32 32 32 32 32 32 32 32 32 32 3 32 32 32 32 32 31 3 16 16 32 47 32 32 32 3 32 35 32 3 32 32 32 32 32 31 31 4 14 14 14 14 14 4 4 46 11 6 6 6 6 6 6 6 6 6 6 6 6 45 45 45 11 45 30 19 19 10 10 10 10 10 10 25 25 27 27 27 27 27 27 27 27 27 27 27 27 33 24 35 35 24 35 35 35 35 35 35 35 35 35 47 47 
31 31 3 3 3 3 3 3 3 35 35 3 3 3 3 3 3 3 31 31 43 13 14 14 18 18 21 21 21 21 21 21 21 21 21 21 21 21 21 50 50 50 50 50 50 50 50 7 7 7 36 10 1 1 1 1 1 25 25 25 25 27 27 33 33 33 3 35 35 3 3 3 3 3 3 3 3 3 3 3 3 32 3 47 47 
31 31 32 33 32 32 35 35 35 35 35 35 35 35 35 35 33 33 26 26 26 22 22 3 43 3 3 31 31 13 13 13 13 49 37 37 37 37 37 37 37 37 45 45 30 30 34 25 27 27 27 33 33 33 33 33 32 24 24 33 33 33 33 24 24 33 33 33 33 33 33 24 24 24 24 24 
