31 31 31 3 3 3 3 32 32 3 3 32 3 3 35 35 32 32 33 31 31 4 4 18 18 46 34 39 39 39 39 39 39 39 17 17 11 6 6 6 37 37 37 37 48 48 37 48 48 48 48 48 48 48 48 48 48 24 24 35 16 33 26 26 33 33 33 33 33 33 35 35 35 32 35 35 35 35 32 26 32 35 3 3 32 35 3 47 47 47 
31 31 32 32 3 3 3 3 32 32 32 3 32 32 3 3 3 3 3 31 29 46 16 46 15 15 9 15 9 9 9 39 39 39 39 45 45 45 45 45 45 6 45 45 45 45 45 45 37 37 42 37 37 48 48 48 48 48 24 24 42 42 31 29 4 22 26 33 26 33 32 32 3 3 3 3 3 3 3 32 3 3 3 3 32 3 32 3 32 3 3 3 47 47 
31 31 31 32 32 32 35 32 32 3 32 32 32 35 33 32 32 33 33 33 42 32 29 26 42 35 42 26 42 33 3 35 32 32 3 35 35 32 3 29 29 29 46 11 50 11 7 27 15 15 15 15 11 11 34 11 11 6 49 49 49 49 49 49 48 48 48 48 48 48 24 24 35 35 35 35 35 35 35 35 33 35 35 35 35 24 35 35 35 35 35 35 35 47 47 47 
31 31 31 3 32 3 3 3 3 32 26 32 3 32 32 32 35 3 31 31 29 13 4 4 4 4 4 47 29 47 3 35 31 29 29 4 4 4 4 46 30 39 39 39 39 39 39 39 39 45 45 45 45 37 37 37 37 37 48 48 48 48 48 48 48 22 22 22 35 22 22 32 32 32 32 32 32 35 35 32 32 35 32 32 32 47 47 47 
31 31 31 32 3 32 3 3 3 32 32 32 3 32 3 32 32 32 31 31 29 4 32 32 32 29 29 29 29 29 4 4 4 16 46 34 34 15 15 15 15 15 15 15 15 15 15 15 39 45 45 45 45 45 45 37 37 37 37 37 37 37 37 48 48 48 48 48 48 42 22 43 22 22 42 42 26 33 32 26 26 26 26 26 32 3 32 3 3 32 32 32 32 32 3 3 32 3 3 47 47 47 
31 31 32 33 33 33 33 33 32 32 32 32 32 32 3 3 32 33 33 31 31 29 29 4 4 4 4 18 18 16 16 7 16 36 36 12 36 7 9 9 7 7 39 39 45 45 45 6 6 6 6 6 6 6 6 6 6 6 6 6 6 6 6 48 48 48 48 43 22 22 35 42 42 42 27 33 33 33 35 32 32 32 32 32 32 32 35 35 32 32 35 32 32 47 47 42 
31 31 31 32 32 32 3 3 3 3 3 3 3 32 32 32 32 32 32 3 3 29 29 29 29 29 29 29 29 4 4 4 46 12 9 9 9 9 9 9 9 9 9 38 38 38 38 11 11 11 49 49 49 49 49 48 48 48 48 48 48 48 48 48 48 35 48 24 24 24 24 24 33 33 33 33 32 32 32 35 35 35 35 35 35 35 35 24 24 35 24 24 
31 31 32 32 32 32 32 3 32 32 32 32 32 3 3 31 3 43 43 43 43 13 29 29 4 4 29 29 46 9 9 9 9 9 9 9 9 39 39 45 45 37 37 37 37 37 37 37 37 37 37 37 37 37 48 43 43 43 43 22 22 42 42 42 42 26 26 26 26 26 33 32 32 33 32 32 32 32 32 32 32 32 32 32 32 47 47 47 
31 22 3 22 22 22 22 3 32 32 32 32 26 42 42 42 26 26 26 26 26 4 29 26 26 31 13 13 13 43 29 26 26 26 26 26 3 3 33 32 32 32 26 26 33 24 35 31 29 4 4 4 13 13 13 4 4 4 18 46 11 45 39 7 7 7 7 7 7 7 11 11 6 6 6 37 37 37 37 37 37 49 49 49 49 49 48 18 18 48 48 42 42 46 35 24 24 24 24 24 24 24 24 24 24 35 35 35 35 35 35 35 35 35 24 24 35 24 42 
26 26 33 33 33 32 32 32 32 32 32 3 3 35 35 35 32 3 31 31 31 29 29 16 50 50 7 7 7 45 7 11 7 50 50 21 21 21 21 6 21 21 6 21 21 21 48 46 35 42 42 42 42 24 24 24 35 22 35 24 33 24 33 33 35 35 33 35 43 35 42 42 42 42 42 42 42 42 42 
31 31 35 35 35 35 35 35 35 35 35 35 35 35 35 35 35 35 35 35 31 43 43 29 29 13 13 13 13 4 4 46 12 39 39 39 39 17 6 6 6 6 6 37 6 48 48 48 48 48 42 42 42 42 42 35 35 42 35 24 42 42 35 35 33 35 35 35 35 35 35 35 33 35 35 35 35 47 47 
31 31 32 32 32 32 35 32 32 32 32 32 32 32 33 32 33 32 32 32 32 3 22 22 22 32 32 26 32 32 32 3 35 35 35 35 35 32 32 32 31 31 29 4 4 16 36 36 7 16 16 7 9 9 7 7 7 7 7 7 7 7 6 6 21 21 49 49 49 49 49 49 49 49 49 49 48 48 40 40 40 19 24 24 35 35 35 42 35 33 35 35 35 42 35 24 42 42 33 42 33 33 35 33 33 35 32 35 47 47 
31 31 31 32 32 32 32 32 3 3 3 3 32 32 32 32 26 26 26 31 13 13 29 29 43 43 43 47 26 26 26 33 33 31 43 29 29 32 35 35 35 29 29 16 50 16 4 18 18 18 46 36 36 9 9 9 9 9 9 36 36 36 21 21 21 21 21 21 21 21 21 21 21 11 11 24 24 46 46 46 46 35 35 24 24 24 35 35 35 35 35 35 32 3 32 3 3 3 3 3 32 47 47 47 
31 31 32 32 32 42 32 32 32 32 32 32 32 3 32 32 33 32 29 29 29 29 4 4 4 4 4 4 4 4 4 4 4 4 4 4 18 18 46 16 46 46 36 12 39 39 39 39 39 39 39 45 45 45 45 37 37 37 37 37 37 37 37 37 37 37 37 37 37 48 37 48 48 48 48 48 48 48 48 22 22 42 26 26 42 42 42 33 35 35 32 35 35 32 32 32 32 3 32 32 32 32 32 3 47 47 
31 35 35 35 35 35 35 35 35 22 32 32 35 35 35 35 35 35 31 31 35 4 4 41 16 46 46 24 24 24 24 35 35 35 31 29 4 18 16 7 7 9 9 9 9 9 39 39 39 39 39 11 11 6 6 6 6 6 49 49 49 48 48 34 24 46 24 24 24 24 24 24 24 24 24 24 24 24 24 33 24 24 24 24 24 24 24 24 24 24 24 24 
31 31 31 3 3 3 32 3 35 35 3 3 3 3 32 3 3 3 31 31 29 4 18 16 16 50 7 7 7 7 7 7 7 45 45 6 6 21 49 49 49 49 49 49 49 49 49 49 49 48 46 24 25 25 34 24 41 46 35 33 26 32 32 3 3 3 3 3 32 3 3 3 3 3 3 3 3 47 47 47 
31 31 31 3 3 32 32 3 3 3 3 3 3 32 3 3 3 3 32 32 32 35 35 26 32 3 3 3 3 3 3 3 3 32 35 35 31 31 31 4 4 46 48 22 46 15 39 39 39 39 39 39 45 45 6 6 6 6 6 37 37 37 37 48 48 48 48 48 48 24 24 33 33 35 35 35 35 3 32 3 3 3 3 3 3 3 3 3 3 3 3 47 47 47 
31 31 31 3 35 35 35 3 35 35 35 35 35 35 35 35 35 35 35 35 3 43 22 22 22 3 3 3 35 35 35 32 22 32 31 31 29 4 18 46 34 15 39 9 38 38 38 38 38 38 38 11 11 50 21 21 21 21 21 21 21 49 49 49 49 49 49 48 48 48 24 25 25 25 25 25 25 24 24 24 24 24 24 24 24 24 24 24 24 24 24 24 24 24 24 35 35 35 35 47 47 
31 31 31 3 3 3 3 3 3 3 3 3 3 33 46 48 42 34 15 39 39 39 39 39 39 39 39 45 45 45 11 11 11 48 48 11 11 11 48 48 24 24 24 24 24 24 24 46 29 35 3 3 3 3 3 3 3 3 3 35 35 32 35 33 35 35 35 47 47 
31 31 31 32 3 3 32 32 3 32 32 32 32 32 32 32 32 32 35 31 32 13 13 3 47 47 32 32 32 32 33 32 31 29 29 29 29 29 16 16 46 15 39 39 9 9 39 39 7 45 50 50 6 6 49 49 21 49 48 48 48 48 22 22 22 3 32 35 33 35 32 35 32 32 32 3 3 3 32 32 32 3 3 32 32 47 47 47 
31 31 32 32 32 32 32 32 32 32 35 35 32 3 32 3 32 32 32 31 31 29 29 29 16 24 46 42 42 15 15 15 15 15 15 15 15 15 15 15 15 45 45 45 45 37 37 37 37 37 37 37 48 48 48 48 48 48 34 34 34 25 24 33 33 35 33 33 33 35 35 35 32 32 35 35 32 32 32 32 35 47 47 47 
26 26 26 26 26 26 26 42 42 32 33 32 32 32 32 35 31 31 46 16 16 16 16 4 2 2 18 46 50 7 7 36 39 39 50 50 21 21 49 49 49 49 49 49 49 49 49 49 48 49 49 48 22 22 22 43 35 35 42 42 42 33 24 35 35 33 35 35 33 35 35 32 35 35 32 35 32 32 32 32 32 32 3 32 47 47 47 
31 31 31 3 3 3 3 3 3 3 3 3 3 3 32 32 3 3 31 31 29 4 4 4 24 12 11 27 39 39 39 39 39 39 39 39 39 45 45 45 45 37 37 37 37 37 37 48 48 48 48 48 48 35 35 42 35 35 32 32 35 32 35 35 35 32 32 32 32 32 32 32 32 32 35 35 32 32 47 47 47 
31 31 26 32 32 26 32 32 26 32 26 26 26 26 26 35 26 26 26 26 22 22 29 43 3 3 47 35 33 26 26 46 16 18 16 4 13 2 2 18 18 46 12 9 9 9 9 9 7 7 7 7 50 21 21 6 6 49 49 49 49 49 49 49 49 49 49 49 49 49 49 49 18 49 48 48 48 24 24 24 27 24 24 33 33 33 27 33 33 33 42 33 33 43 43 24 24 24 24 33 33 32 35 35 35 35 35 32 35 33 35 32 35 32 32 35 32 3 32 3 32 3 3 47 47 
31 31 31 3 32 3 32 32 32 32 32 3 32 3 3 3 32 3 32 32 22 22 3 32 32 31 31 29 4 16 46 11 45 11 46 34 15 45 45 45 45 45 45 45 45 45 45 45 45 6 6 6 6 48 48 19 19 48 48 34 25 25 42 42 24 24 24 33 24 24 24 35 24 35 35 24 35 35 35 35 42 35 35 35 35 47 47 47 
26 26 26 32 26 27 27 27 33 33 33 33 32 35 32 32 32 3 32 32 32 32 32 33 33 32 31 31 29 16 4 4 4 4 4 4 4 4 18 11 15 15 15 15 15 15 15 15 15 45 45 45 45 45 37 6 49 49 49 48 48 48 48 48 35 35 4 43 33 35 35 35 3 35 35 35 32 32 35 35 24 24 33 33 33 24 33 33 24 35 35 33 33 24 33 33 27 
31 31 31 3 32 22 22 3 3 3 22 3 3 32 35 35 22 35 29 4 4 4 4 46 25 9 9 9 9 9 9 9 7 7 11 11 11 11 11 48 48 48 48 48 48 48 42 24 24 25 25 25 24 25 25 25 25 25 24 25 24 24 24 24 24 24 35 35 24 24 24 24 
31 31 31 32 3 3 32 3 32 3 3 32 32 3 3 3 3 3 3 3 3 3 3 3 29 29 29 29 46 12 12 9 9 9 9 9 9 39 39 45 45 37 37 37 37 37 37 37 37 37 37 37 37 48 48 48 48 48 48 22 22 32 32 33 3 3 3 3 3 3 3 3 3 3 3 3 3 3 3 3 3 3 3 32 47 47 47 
31 31 31 32 32 32 32 32 32 32 32 32 32 32 32 35 33 33 33 35 3 35 31 31 29 4 18 18 46 46 12 38 9 9 9 7 7 7 7 50 50 11 46 46 49 49 49 49 49 49 49 49 48 48 48 48 48 48 24 48 48 24 35 24 24 24 24 24 24 24 24 24 24 24 24 24 24 24 24 24 24 24 24 24 
31 31 3 3 3 32 32 32 32 35 3 3 24 24 24 33 29 16 16 4 46 11 11 34 10 9 9 9 9 9 39 39 39 39 45 45 45 45 45 45 6 45 45 6 6 6 6 6 6 6 37 37 48 48 48 48 48 24 42 42 42 42 26 33 35 35 35 35 32 3 3 3 3 3 3 3 3 3 3 3 3 3 47 47 
31 31 31 32 3 3 32 27 33 3 3 35 35 24 35 22 3 32 31 31 43 13 13 43 43 22 22 3 22 3 3 35 3 32 42 33 35 35 32 35 31 4 4 4 46 11 39 39 39 39 38 38 38 38 38 38 7 50 50 21 21 21 21 21 21 21 21 21 21 21 21 21 21 20 20 48 48 48 48 35 32 32 33 33 35 35 3 43 3 32 32 32 32 3 32 32 3 32 3 32 3 3 47 47 
31 31 3 32 35 24 35 3 35 35 3 3 3 3 3 3 3 3 3 31 31 4 4 18 28 28 36 9 9 9 9 9 9 9 9 9 9 9 9 39 39 45 11 6 6 48 48 6 6 48 21 21 21 48 48 48 48 22 48 22 22 22 42 35 32 32 32 3 3 3 3 3 3 3 3 3 3 3 3 3 3 47 47 
31 31 31 3 32 32 3 32 32 33 3 3 3 3 3 3 22 22 29 3 29 16 36 19 19 15 10 39 15 15 15 39 39 15 45 45 45 45 37 37 37 48 48 48 48 48 48 48 48 48 48 48 48 48 42 42 35 35 32 35 32 32 32 32 32 32 33 32 32 32 32 47 47 47 
31 31 31 3 32 32 33 32 3 3 3 32 3 3 3 35 3 3 31 43 43 13 4 4 4 4 4 11 9 9 9 9 38 38 38 38 38 11 11 11 11 6 6 6 6 6 6 6 6 6 6 6 6 37 48 48 48 24 42 42 26 26 26 32 33 35 35 35 35 33 35 35 35 24 35 35 35 35 35 35 35 35 35 47 47 
31 31 31 3 3 3 3 3 3 3 3 3 3 3 35 24 33 42 46 46 16 16 16 16 16 4 4 4 4 18 18 46 11 39 39 39 39 39 39 39 39 39 45 45 6 6 6 6 6 6 6 6 6 37 37 37 48 48 48 48 48 48 48 42 42 42 42 42 42 42 42 42 26 26 42 42 42 42 42 42 27 42 42 42 42 42 42 42 33 33 
31 33 33 32 32 32 32 3 32 32 32 32 32 3 32 32 32 32 32 31 29 29 29 4 4 16 16 29 29 46 46 25 9 39 39 7 7 45 45 45 6 6 6 37 37 6 37 37 48 48 48 48 48 48 48 48 48 48 22 22 22 22 35 42 42 42 42 42 42 35 42 42 42 42 42 32 26 42 42 42 32 32 26 47 47 
31 31 31 3 32 3 3 3 3 3 3 32 3 3 32 3 3 29 29 29 29 29 29 4 4 4 4 29 46 39 39 38 38 38 38 7 7 7 7 7 7 21 21 21 21 21 49 49 49 49 49 49 49 49 49 49 49 49 49 49 49 49 49 49 49 48 48 48 48 48 48 48 48 48 48 48 48 48 48 48 48 48 22 22 32 32 22 32 22 3 32 32 32 3 32 32 32 3 3 47 47 47 
31 31 33 33 32 32 32 32 32 33 33 32 32 32 32 32 32 26 33 33 33 22 22 31 43 43 13 13 43 47 32 35 43 29 46 16 41 15 15 39 39 39 39 39 7 39 39 15 15 45 45 45 37 37 37 6 6 6 6 49 49 49 49 49 49 18 48 48 48 48 48 48 48 22 22 35 35 22 29 46 35 24 24 42 24 35 35 33 35 35 43 35 32 35 35 47 47 47 
31 31 32 32 32 32 32 32 32 33 33 32 3 29 3 3 3 3 3 31 29 29 4 4 18 18 49 4 43 46 46 42 9 9 9 38 38 38 11 11 11 6 49 49 49 49 49 49 49 49 49 49 49 49 49 48 48 48 48 48 48 48 48 24 24 24 35 42 35 35 35 24 24 35 35 42 42 42 42 42 42 42 42 35 42 42 42 42 42 24 
31 31 31 32 3 3 22 22 22 22 22 22 22 3 3 3 32 32 31 29 31 4 4 4 46 43 43 43 47 26 26 33 33 33 33 32 35 32 32 35 33 35 29 29 4 4 16 4 4 4 4 4 16 16 46 24 25 9 9 9 9 9 9 7 7 7 7 7 11 11 11 11 11 11 21 11 11 34 24 46 46 43 43 43 43 43 43 43 43 35 35 3 35 35 35 35 35 35 35 35 3 3 32 35 47 47 47 
31 31 35 35 35 35 35 35 35 35 35 35 35 35 35 35 31 3 43 29 29 29 4 4 4 4 4 4 16 36 9 9 9 9 9 9 9 9 9 39 39 45 6 6 6 6 6 6 49 49 37 37 37 37 37 37 37 37 37 37 37 37 37 37 37 48 48 48 48 48 22 22 22 35 35 32 42 35 35 42 42 42 42 42 42 35 35 35 35 35 35 35 35 35 42 47 33 
31 31 22 32 32 32 32 3 3 32 3 22 22 3 32 32 32 32 31 31 43 13 29 47 47 32 3 3 3 3 32 26 26 26 31 29 4 4 4 4 4 4 4 4 29 12 39 39 9 9 39 39 39 39 39 45 45 45 37 37 37 37 37 37 37 48 48 48 42 42 42 42 42 26 27 26 26 26 26 26 32 35 35 24 32 32 33 35 35 35 35 35 35 35 32 32 3 3 47 47 47 
31 31 32 32 32 32 32 32 32 32 3 3 3 3 3 3 3 32 31 3 43 43 43 43 13 43 43 43 43 22 22 42 15 9 9 9 9 39 15 39 15 39 45 45 45 45 45 45 45 34 34 37 37 37 37 48 48 48 48 42 42 42 42 24 25 25 34 34 42 34 24 24 34 34 34 27 25 27 27 27 24 24 27 27 
31 31 32 32 32 32 33 33 33 33 32 32 33 33 33 32 33 33 33 33 22 43 22 32 22 31 43 43 13 13 47 3 3 22 3 32 32 35 32 32 31 31 29 4 4 4 43 46 30 11 39 39 39 9 9 38 38 38 38 38 38 39 11 11 11 11 46 48 48 49 49 49 49 49 49 48 48 48 48 48 48 42 42 42 24 24 24 24 24 24 24 35 33 35 35 35 32 32 32 32 32 32 32 35 32 32 47 47 
31 31 31 3 32 3 3 3 3 3 3 3 3 3 3 3 3 3 22 29 29 29 29 29 29 24 11 15 44 15 15 15 15 15 15 15 15 15 45 45 45 45 45 45 45 45 37 37 37 37 37 37 48 48 48 48 48 48 48 42 42 35 33 33 42 33 33 35 32 32 32 35 32 3 32 32 32 32 3 3 3 47 47 
31 31 3 3 3 3 3 3 3 3 3 3 32 3 32 31 31 29 29 29 29 4 4 4 16 46 46 12 9 9 9 9 9 9 9 9 7 7 39 45 45 45 45 45 6 6 37 37 11 11 48 48 48 48 48 48 24 24 42 26 33 33 32 32 32 32 32 32 3 3 3 3 3 3 3 3 3 3 3 3 3 47 47 47 
31 31 3 3 3 3 3 3 3 3 3 3 3 3 3 3 3 3 3 3 29 43 22 3 3 3 3 3 3 3 29 29 3 3 43 4 18 20 7 39 9 9 9 9 9 9 39 39 39 39 45 45 45 45 37 37 45 37 48 48 48 48 48 48 48 48 22 32 32 42 42 26 26 32 3 3 3 3 3 3 3 3 3 3 3 3 3 47 47 47 
31 31 31 32 32 32 32 35 35 35 35 35 32 35 35 32 35 32 31 22 29 4 22 47 35 33 32 32 33 33 35 35 35 29 29 16 16 43 29 18 13 13 13 13 13 4 4 18 12 12 39 38 38 38 38 38 38 38 38 38 11 23 6 6 6 6 37 37 6 37 6 6 6 6 6 48 48 48 48 48 48 48 48 24 42 42 42 42 42 42 42 42 42 42 33 27 42 33 24 33 35 35 35 35 35 35 35 35 47 47 
31 31 31 3 3 3 3 3 3 3 3 3 3 3 3 3 32 33 31 29 13 4 4 4 4 14 14 2 4 4 4 4 4 4 4 4 4 4 46 7 7 7 7 7 7 7 7 7 7 7 7 7 45 45 6 6 6 6 6 6 6 6 6 6 6 6 6 6 6 6 37 37 37 48 48 48 48 48 22 22 22 22 22 22 22 22 42 35 35 42 35 35 35 32 33 35 35 35 35 35 35 35 35 47 47 47 
31 31 31 32 32 35 32 35 35 32 32 32 32 35 32 3 35 33 33 33 31 43 43 29 47 32 31 26 31 13 29 29 26 27 26 27 9 39 39 39 39 39 45 45 45 45 45 37 37 37 37 37 48 48 48 35 35 24 33 35 32 35 35 3 35 35 35 32 35 35 35 35 35 35 35 35 33 24 33 24 24 35 24 
