5.661760
5.858235
5.699058
5.604462
8.373419
6.505914
5.911173
4.979266
5.382756
6.424840
5.384787
5.683331
5.587004
5.427425
8.950051
6.421470
5.602045
4.906182
5.117904
6.556263
5.248376
5.891651
5.484946
5.341591
8.275326
6.407846
5.493494
5.005675
5.113942
6.301183
5.616816
5.877939
5.377264
5.743395
7.188006
5.589623
6.169465
5.422846
5.579688
6.096633
5.595627
5.880055
5.735090
5.428106
8.887120
6.584908
5.832575
4.726664
5.289004
6.656633
5.153836
5.559280
5.382793
5.177832
7.060478
5.570963
5.297473
5.399143
5.391289
6.379584
5.626725
5.585440
5.621284
5.479148
9.114307
6.597832
6.038786
5.019232
5.385692
6.398810
5.159688
5.743390
5.329247
5.188108
8.421891
6.406860
5.521776
4.954319
4.934268
6.438160
4.573356
5.041486
5.092542
4.753197
7.374174
5.691360
4.776163
4.525065
4.744086
5.916803
5.412164
5.481871
5.739611
5.380164
9.081016
6.582014
5.560305
5.031061
5.364662
6.655760
5.576487
5.714403
5.834401
5.553137
9.301297
6.635527
5.887627
4.922809
5.451475
6.659874
5.554085
5.683340
5.456077
5.282123
8.417596
6.354660
5.750747
4.798433
5.380000
6.581823
6.286788
6.354583
6.540651
6.002384
8.874035
7.258484
6.135857
5.433148
6.111837
7.128661
5.666460
5.673361
5.818513
5.816555
9.646577
6.479084
6.115916
4.962894
5.458810
6.755490
5.679199
5.883346
5.691052
5.285373
8.865300
6.632867
5.872290
4.839659
5.288667
6.526303
5.348300
5.741877
5.860530
5.181041
8.328751
6.395652
5.410769
4.724200
5.270044
6.340490
5.913318
5.778493
5.894017
5.598048
9.391360
6.877632
6.394821
5.126010
5.557346
6.569142
6.123320
6.301383
6.024910
6.186366
7.993801
6.483072
6.782253
5.685693
6.112807
6.718327
5.791302
6.218987
5.780595
5.800398
8.898455
6.683965
6.013894
5.596553
5.496231
6.644424
4.915331
5.124174
5.046352
4.694602
7.782154
6.137884
5.060450
4.497403
4.750102
6.037467
5.738715
6.180220
5.719330
5.828311
9.118612
7.186284
6.078251
5.548150
5.547094
6.995388
5.137268
5.435721
5.071863
5.167892
9.017181
6.173743
5.579204
4.594549
4.759759
6.321882
5.368520
5.908047
4.963330
5.344393
8.923769
6.672341
5.975040
5.084509
5.008433
6.394885
5.690121
5.945704
5.861162
5.599224
6.846342
6.384738
5.930630
5.442885
5.768649
6.233234
5.045727
5.281760
4.826050
5.178431
8.335175
5.833925
5.744938
5.028142
5.041980
5.872326
5.624165
5.813881
5.389631
5.359416
8.564447
6.488292
6.197198
4.768959
5.261533
6.215136
5.454863
5.415646
5.443056
5.420956
8.001624
5.879620
5.730230
4.755857
5.257026
6.251011
5.388995
5.522787
5.589340
5.072525
7.220406
6.154288
5.310876
4.736976
5.467567
6.415402
5.348007
5.596907
5.184215
5.426960
8.195134
5.976380
5.880945
4.930895
5.228173
6.157840
5.536291
5.893869
5.612500
5.263702
7.536733
6.414385
5.549446
4.996739
5.483367
6.329748
5.177519
5.289814
5.190575
4.969822
7.437746
5.848080
5.467793
4.734345
5.163127
5.908878
5.496973
5.861564
5.511129
5.416890
8.750332
6.646311
5.868675
5.148580
5.152816
6.531653
5.383820
5.441420
5.770727
5.369340
9.176631
6.406395
5.618830
4.745607
5.169860
6.592121
5.842364
6.062604
5.827501
5.620949
8.686935
6.682461
6.055227
5.012402
5.498192
6.591133
5.597904
6.043191
5.384047
5.667678
8.937568
6.752456
6.064433
5.269822
5.220018
6.675569
4.938818
5.125967
5.421054
4.927685
6.759631
5.352224
4.830968
4.711621
5.043562
6.106676
5.148335
5.592025
5.148065
5.240157
7.716343
5.738921
5.924253
4.992457
5.175700
5.929371
5.228596
5.517730
5.250506
5.168888
7.881333
6.048095
5.507406
4.515430
5.116926
6.294634
5.587749
5.635735
5.692270
5.619674
7.007665
5.617645
5.798103
5.381403
5.807159
6.268473
5.393366
5.534407
5.608972
5.162385
8.812522
6.326590
5.576631
4.478293
5.248612
6.390551
5.785082
6.162696
5.756240
5.846536
8.652438
6.533535
6.456152
5.606163
5.686108
6.416871
5.173576
5.837264
5.773971
5.505049
8.331594
6.318228
5.622459
4.849731
5.103904
6.117614
5.149242
5.548798
5.338084
5.076354
8.831038
6.453174
5.274429
4.715178
4.984597
6.653088
5.563740
6.214571
5.440894
5.578936
8.681925
6.593905
6.144994
5.216450
5.242788
6.450210
5.908484
6.085742
6.366650
5.942324
8.230418
6.882531
5.806741
5.275949
5.958489
6.717030
5.373076
5.601548
5.473279
5.308794
9.119046
6.344462
5.816451
4.617417
4.991796
6.540291
6.294877
6.768951
6.873718
6.252651
7.040852
6.525808
6.568020
5.970351
6.662757
6.700913
5.290252
5.427729
6.176170
5.322044
8.063872
6.327894
5.343100
4.683932
5.573370
6.368579
5.265210
5.714822
5.181227
5.317591
8.923483
6.451062
5.738925
4.851286
5.061113
6.450507
5.022505
5.227732
4.937905
5.077151
7.643352
5.308094
5.855333
4.949184
5.098851
5.679980
5.176712
5.111151
4.925013
5.097836
6.644989
4.828856
5.015351
5.258869
4.994065
5.084326
5.346211
5.190821
5.520723
5.582304
7.474042
5.195103
5.171426
5.424733
5.026809
5.332745
5.575758
5.041454
5.422747
5.297050
5.928319
4.570921
4.779437
5.389288
5.525768
5.158648
5.971341
5.566917
5.677545
5.620016
6.359130
4.663104
5.437169
5.848547
5.790587
5.471164
5.372515
5.260135
5.315993
5.505676
7.176025
4.725413
5.443921
5.269569
5.109834
4.963423
5.183793
5.152689
4.903966
5.192130
7.184006
5.235875
4.868074
5.225914
4.899592
5.365614
5.004757
4.914456
4.995054
5.205097
7.323645
4.923146
5.099376
5.010994
4.865568
5.151289
5.316581
5.333097
4.809396
5.099070
6.580711
4.652875
5.137754
5.389861
5.039340
5.187179
5.294110
5.010623
5.173797
5.026151
6.255465
4.931460
4.873785
5.251795
5.177812
4.998285
5.309773
5.105386
5.548108
5.377472
7.268739
5.220743
5.018583
5.253556
5.410500
5.232394
5.407525
4.873577
5.637963
5.507197
7.048298
5.059537
5.047213
5.271538
5.517469
5.335180
5.522504
5.138280
5.242147
5.324282
6.183865
4.729405
5.308816
5.526634
5.544521
5.162038
5.619030
5.166197
5.647021
5.556694
6.932537
4.640752
5.474094
5.508092
5.409778
5.135269
5.028065
5.131803
5.219459
5.410963
7.716000
5.136581
5.239294
5.030411
5.004107
5.028313
5.173314
4.931339
5.111686
5.064182
6.505025
4.917872
5.172316
5.112208
5.157872
5.109034
5.517160
5.097502
5.327586
5.140562
6.022860
4.536677
5.025109
5.347207
5.562343
4.965389
6.403589
5.809625
5.923193
6.287382
7.511358
5.103397
6.334362
6.131775
6.203422
5.392805
6.897483
6.752038
6.533930
6.740582
7.904941
5.777049
7.063709
6.757467
6.681813
6.259067
6.013658
5.904984
5.774756
5.641628
6.787365
5.430768
5.558961
5.897666
5.744203
5.755514
5.510325
5.236828
5.383677
5.252324
6.388632
5.070066
4.882279
5.437558
5.097651
5.247790
5.720942
5.542319
5.082456
5.521920
7.166584
5.303835
5.569663
5.958795
5.405524
5.708190
5.045817
4.888810
5.024848
5.162374
6.784093
4.944154
4.848703
5.145446
4.750970
4.980493
5.207790
5.154597
5.054266
5.199957
6.748487
4.651941
5.091551
5.249870
5.134806
5.216402
6.340981
6.107050
6.072905
6.025257
6.733486
5.480700
6.065856
6.370697
6.175632
5.943543
5.266109
5.100112
4.880413
5.072212
6.648195
4.776450
5.263704
5.336972
5.180620
5.006927
5.072387
4.774381
5.083425
5.170815
6.945818
4.681275
5.089053
5.008851
5.225115
4.773917
5.880849
5.442421
5.489875
5.437421
6.568075
4.896527
5.176101
5.718091
5.273166
5.309424
5.777229
5.296762
5.529025
5.393677
6.551594
5.424564
5.111112
5.620393
5.652703
5.521739
5.925857
5.690774
5.613378
5.798786
7.044447
5.049222
5.878909
5.878968
5.868776
5.368326
5.815852
5.947129
5.517971
5.825583
7.266689
5.240667
6.360814
6.015450
5.395683
5.495432
5.565661
5.527950
5.363257
5.381791
6.134359
5.486771
5.251067
5.569078
5.294183
5.626035
5.370363
4.987533
5.198445
5.267608
6.948226
5.006660
5.690367
5.255606
5.529568
4.958161
5.266604
5.100173
5.306374
5.270150
6.926529
5.025417
5.030456
5.126378
4.953778
5.240686
5.544774
5.051548
5.540887
5.366278
6.650625
4.835997
4.918165
5.348691
5.404454
5.392649
5.316887
5.315648
5.123397
5.207668
7.269621
5.028077
5.246147
5.333375
5.005805
5.465653
5.643356
5.350892
5.316508
5.307188
6.396117
4.897618
5.019058
5.552603
5.531220
5.341635
5.487472
5.239604
5.060987
5.422396
7.245867
4.939399
5.608780
5.505640
5.218471
5.032214
5.995892
5.948787
5.392883
5.484306
7.095985
5.214187
5.909097
5.947005
5.282683
5.638559
6.175884
5.955759
5.672375
5.939773
6.917716
5.534261
6.168735
6.220872
6.064976
5.772201
5.569664
5.178206
5.419590
5.362338
6.791830
4.572699
5.265542
5.300828
5.451035
5.079181
6.065874
5.857334
5.436743
5.702249
6.846050
5.112975
6.044822
5.955102
5.827210
5.413675
6.158371
5.895304
5.798330
5.831800
6.861734
5.144096
5.748753
6.005440
5.788174
5.518045
5.391132
5.010208
5.559994
5.266951
6.840251
5.272884
4.499451
5.277886
5.426136
5.559336
6.001545
5.819115
5.509966
5.557692
6.660824
5.581535
5.688749
6.034412
5.424678
5.750844
5.660700
5.494341
5.520359
5.369389
6.848001
4.979080
5.219045
5.395955
5.688317
5.323628
5.423771
5.027043
5.327188
5.300024
6.894722
4.835272
5.138182
5.284327
5.426973
5.164459
6.403919
5.920978
6.410425
6.299596
7.432749
5.355378
6.260255
6.111021
6.463652
5.763084
5.549408
5.504967
5.390385
5.663043
7.491886
4.774769
5.848085
5.456668
5.400649
5.127415
5.261131
5.120445
4.861334
5.073951
6.437153
4.836059
4.841784
5.213170
5.022581
4.966761
5.970510
5.614527
5.578566
5.545301
6.210293
5.005975
5.823498
5.824203
5.753233
5.254923
6.335815
6.080620
6.664843
6.290024
7.238327
6.217191
6.481826
6.348921
6.565387
6.724585
4.987109
4.577788
5.539573
5.292901
7.261106
5.168378
4.864190
4.964388
5.221679
5.649843
5.257465
5.020243
5.489625
5.343614
7.153132
5.707137
5.284274
5.419528
5.564269
6.000615
5.593698
4.972391
5.840479
5.607362
7.302678
5.427413
5.497840
5.551052
5.705919
6.097710
5.792753
5.073022
6.114194
5.569590
7.099076
5.356515
5.165289
5.416701
5.788494
5.743709
5.070859
4.490796
5.340939
5.057133
6.598417
5.275154
4.716182
5.039039
5.263887
5.308265
5.520835
5.248902
5.830569
5.634297
7.633871
5.526095
5.677876
5.579577
5.674880
5.684044
5.128509
4.991317
5.599354
5.320350
7.439004
5.616693
5.063334
5.239962
5.458788
5.843942
5.203784
4.516554
5.537646
5.080613
6.664450
5.382226
4.789081
5.086820
5.374805
5.515490
5.073406
4.888957
5.466683
5.063881
7.244227
5.468425
5.016281
5.095013
5.295775
5.618063
5.404437
5.015935
6.016068
5.445792
7.427460
5.627346
4.844840
5.242983
5.662761
6.065811
6.106400
5.677420
6.508038
5.891110
6.629989
6.298540
5.321293
6.086551
6.418862
6.709714
6.244130
5.801281
6.564194
6.154606
6.842686
6.275455
5.684183
6.164789
6.447814
6.372703
6.007508
6.131965
6.711227
6.549666
8.581715
6.824278
6.279712
6.196352
6.229445
6.784983
5.412804
5.545378
5.872873
5.407559
7.514467
6.167161
5.376363
5.472980
5.786084
6.323554
5.688653
4.855506
5.863013
5.375865
6.888657
5.382271
5.042612
5.365518
5.796265
5.831885
5.299193
4.877435
5.482092
5.121203
6.718069
5.531752
4.976003
5.275255
5.334948
5.536570
6.578572
6.047482
6.741869
6.691337
7.518407
6.380252
6.881030
6.547667
6.696622
6.909271
5.472144
4.720000
5.754919
5.226853
6.685930
5.406504
4.960109
5.344315
5.404164
5.681055
5.771031
4.808955
5.855452
5.477021
6.114348
5.340894
4.731950
5.629360
5.826568
5.880991
5.625953
5.243618
5.752580
5.445950
7.080388
5.815959
5.420576
5.671234
5.836805
5.965128
5.526007
5.202846
5.821775
5.664768
7.759853
5.923013
5.311893
5.640376
5.744539
5.960734
4.837421
4.818051
4.997416
5.039513
7.537699
5.451178
5.296130
5.187174
5.013560
5.597358
6.100009
5.368322
6.165179
5.827472
6.730115
5.799358
5.770211
5.880579
6.325252
6.127915
5.481262
4.951439
5.518096
5.264828
6.514979
5.578073
5.337799
5.465432
5.482717
5.899787
5.567751
5.316152
5.739828
5.478670
7.739041
5.526599
5.866782
5.442049
5.897113
5.863193
5.898261
5.281250
6.348503
5.696374
7.103290
6.226844
5.040104
5.766206
5.945673
6.602767
5.589836
5.284521
5.980502
5.520607
6.641637
5.770729
5.202678
5.581798
5.852540
6.081133
5.807928
5.354339
5.795762
5.728187
7.783486
5.415277
6.085926
5.674091
5.950804
5.702685
5.747903
5.717156
6.486819
6.050665
7.154328
6.235146
5.642273
5.783017
6.123934
6.255243
5.862154
5.207227
6.209533
5.804546
7.173784
5.794726
5.278789
5.764876
5.933572
6.157637
6.076790
5.252486
5.814418
5.521316
6.553817
5.352027
5.891216
5.893741
6.078622
5.649826
5.232469
5.050736
5.811589
5.442852
7.479580
5.746303
5.161899
5.186962
5.474056
5.945061
5.898795
5.368832
5.917317
5.593924
6.979453
5.631976
5.694308
5.812127
5.947631
6.055105
5.285792
5.094379
5.587142
5.621886
8.147919
6.162046
5.481649
5.495713
5.415622
6.181735
5.506740
4.870081
5.933415
5.390957
6.855825
5.411168
4.874213
5.372681
5.661715
5.799885
6.023560
5.612489
6.062731
5.903595
7.226819
5.828895
5.981325
6.080897
6.233798
6.100426
6.338690
5.728069
6.451910
5.995787
6.952951
6.527069
5.990527
6.226463
6.387905
6.656781
6.404509
5.590393
6.194188
5.898002
6.607781
5.889465
5.849896
6.287981
6.437605
6.431139
5.693607
5.635563
6.455412
5.848092
8.013334
6.280235
5.314968
5.501350
6.027181
6.411922
6.106646
5.249257
5.892712
5.611648
6.884597
5.425721
5.925018
5.899980
6.234332
5.850198
5.830650
5.070193
6.037906
5.588963
7.046857
5.802507
5.097399
5.586734
5.765286
6.228346
5.976181
5.661164
6.511980
6.096936
8.021586
6.093309
5.995461
5.896897
6.335476
6.032936
5.641275
5.286957
5.834174
5.412782
6.869894
6.079594
5.064437
5.701208
5.755725
6.255361
6.167618
5.366458
6.176908
5.734920
6.496802
5.604387
5.632603
5.924105
6.194481
5.964781
5.790590
5.559567
6.543008
5.871490
7.725322
6.200995
5.411638
5.636503
6.222170
6.616046
6.177572
6.128359
6.810722
6.225299
7.271881
6.838202
6.030477
6.072485
6.639593
6.857943
5.694841
5.106627
6.191203
5.601676
7.244641
5.884194
4.868804
5.592501
5.940039
6.197206
5.197268
4.704748
5.352446
5.134863
6.983082
5.340708
5.127684
5.211933
5.504187
5.591004
6.245173
5.463103
6.135715
5.760895
7.091661
5.596251
6.103626
6.102324
6.297130
6.087336
5.449857
5.322101
5.985635
5.585321
8.025875
5.922030
6.208261
5.766054
5.568124
5.798379
4.776783
4.845701
5.602596
5.183499
8.213113
5.936942
5.592830
5.265626
4.643078
5.790311
5.366120
5.199798
5.912985
5.440542
8.211951
5.952764
6.143091
5.713241
5.254629
5.966702
5.789308
4.752543
5.525235
5.042428
6.480530
5.310142
5.477955
5.758051
5.410438
5.813498
5.585779
5.195631
5.869504
5.411228
7.726916
5.482501
6.490837
6.013952
5.419275
5.746532
5.250616
5.114833
5.939318
5.435188
8.296754
6.099573
5.956387
5.692006
5.197979
6.187652
5.483942
5.121196
5.478147
5.412960
7.344313
5.187856
6.184303
5.834226
5.553612
5.627260
4.995544
5.000811
5.806090
5.139963
7.839291
5.756001
5.860922
5.599638
5.061229
6.003340
4.668268
4.807329
5.341019
4.939851
7.812096
5.503206
5.773241
5.204859
4.923481
5.558946
5.420200
5.131849
5.466383
5.293410
7.852094
5.626240
5.886500
5.556218
5.459111
5.905513
5.240570
4.981090
5.576244
5.404799
7.981093
5.773306
5.751462
5.613937
4.814276
5.789867
5.501065
5.145077
5.739121
5.061494
6.551253
5.810294
5.679707
5.750953
5.483484
5.975831
5.258412
5.090790
5.558783
5.207179
7.660244
5.502827
6.119070
5.598884
5.573624
5.611239
6.073856
5.986804
6.495508
6.214199
8.527390
6.011521
7.175051
6.243185
6.029589
6.059608
5.988941
5.426438
6.153476
5.618764
7.211986
5.755208
6.504244
6.122123
5.489024
5.939101
5.518793
5.158101
5.830188
5.268004
7.282508
5.852851
5.964187
5.790034
5.535057
6.071304
5.645206
5.412697
5.726320
5.358850
6.909968
5.572084
6.334716
5.819859
5.796896
5.516569
6.698394
6.096617
6.724464
6.462269
7.772323
6.089064
7.421822
6.873070
6.601033
6.251975
5.605720
5.000094
5.912259
5.347064
7.314340
5.515072
5.792915
5.793811
5.227454
5.841409
5.197429
4.824044
5.334941
4.832261
6.657848
5.298541
5.391441
5.355733
5.223428
5.574274
5.228299
4.950385
5.728131
5.125682
7.842961
6.105750
5.545001
5.681173
4.892164
6.302266
5.290924
5.042547
5.785769
5.427687
8.234227
5.924361
5.896386
5.787752
4.708011
6.158085
5.358555
5.062881
5.973430
5.358026
7.933192
5.963142
5.857258
5.854553
4.908274
6.133813
5.597464
5.064530
5.799497
5.384354
7.503559
5.748102
5.960121
5.856217
5.069257
5.940517
5.257226
4.804109
5.413321
5.189550
7.466631
5.485945
5.669220
5.521340
5.074943
5.843350
5.835102
5.305494
6.089936
5.731711
8.127244
5.676950
6.638957
6.046228
5.527034
5.810247
5.658180
5.267665
5.896687
5.362239
7.546110
5.792768
6.136926
6.029213
5.576606
6.156844
5.340928
5.339141
5.729805
5.087292
7.457085
5.788068
5.916845
5.784108
5.308050
6.127740
5.317318
5.662304
6.266464
5.659468
8.868852
6.361724
6.594885
5.796819
5.486905
6.185464
6.252907
5.655363
6.041718
5.949966
6.857334
5.693540
6.401820
6.514785
6.015150
6.134850
4.853373
5.024307
5.620136
5.158903
8.294387
5.994516
6.065043
5.301450
5.063881
5.761642
5.883192
5.396021
6.098041
5.492960
7.323893
5.765756
6.458057
6.204243
5.732879
6.039401
5.151681
5.048562
5.574679
5.266540
7.228810
5.659487
5.965435
5.447830
5.127058
5.869265
5.671766
5.025820
5.738763
5.261287
7.184480
5.210637
6.205335
6.026312
5.521867
5.830789
5.704038
5.623050
6.595277
5.731848
8.519994
6.762445
6.219491
6.331865
5.421559
6.970721
5.277504
4.947700
5.776365
5.152077
7.821686
5.857947
5.773033
5.630612
5.080264
6.011071
5.999203
5.624956
6.105391
5.990901
7.589097
6.037137
7.077414
6.400047
5.884544
5.923300
5.043665
4.807603
5.621516
4.878555
7.562029
5.755629
5.560330
5.169197
4.759662
5.400644
6.481190
5.783572
6.361281
6.074744
7.067582
5.832798
6.791409
6.773200
6.447877
6.217093
4.974792
5.049470
5.848810
5.222412
8.317010
6.063140
6.129200
5.480439
4.975240
5.698315
6.130302
5.780551
6.450292
5.920864
8.108874
6.397226
6.556755
6.284414
5.983499
6.247745
5.568291
4.826786
5.421438
5.015001
6.882456
5.091281
5.709045
5.577668
5.514813
5.601380
5.542962
5.182614
5.708295
5.533648
7.874462
5.465344
6.196838
5.773861
5.666589
5.825751
6.036151
5.868955
6.522444
5.796795
8.358452
6.576324
6.580168
6.352223
5.700708
6.595527
5.805102
5.351676
6.108121
5.529265
7.804631
5.719967
6.228128
5.891712
5.570147
5.997407
6.207154
5.662704
6.526994
6.076312
8.199234
6.087899
7.158884
6.619447
5.877216
6.133107
5.775740
5.703844
6.197143
5.947432
8.008337
6.031995
6.677618
6.064369
6.150929
6.288533
5.120682
5.260253
5.750255
5.128207
8.049448
5.834422
5.958099
5.421747
5.430591
5.978001
5.113832
4.756421
5.662046
5.085847
7.524239
5.740404
5.529306
5.492796
5.007276
5.889668
5.930316
5.164614
5.986882
5.586502
7.522635
5.267543
6.343416
6.156435
5.755282
5.774063
5.302531
5.516840
5.501565
5.679560
7.703623
5.878131
5.737429
5.207739
5.597696
6.306660
5.061980
5.248703
5.629202
5.788802
7.318119
6.321210
5.048562
5.117304
5.340496
6.446568
5.226741
5.181268
5.557454
5.382680
6.932523
5.949317
4.913890
5.165470
5.305847
6.320232
5.986547
5.852340
6.021941
5.864443
6.507189
6.401463
5.701339
5.852289
6.079073
6.752864
5.847520
5.505715
5.610056
5.832243
6.821230
5.501178
5.261181
5.577655
5.894335
6.292335
4.835897
4.874269
5.182026
4.998744
7.071884
5.751583
5.152390
5.022581
5.038313
5.898934
4.950771
5.179538
5.160365
5.326372
6.868178
5.733406
5.033113
5.001268
5.268823
6.188815
4.986628
4.698910
5.202603
4.932608
6.813000
5.389266
4.966354
5.051698
5.100015
5.951013
5.015400
4.638214
4.865900
5.156701
6.147175
5.288444
4.563044
4.956892
5.175887
5.782636
5.582339
5.255656
5.503674
5.631099
7.276018
5.862343
5.097267
5.496416
5.716719
6.478427
5.362351
5.030692
5.408428
5.507820
6.585246
5.641196
5.410065
5.187091
5.448645
5.884335
5.748284
5.574139
5.839073
5.798599
6.251509
6.308269
5.485481
5.681086
5.894920
6.617940
5.433398
5.710969
5.484108
5.928421
7.046786
5.869519
5.493389
5.334312
5.898615
6.299197
5.159425
5.057958
5.254686
5.526122
7.226412
5.320827
5.239214
5.047656
5.387388
5.977893
5.835823
5.928178
5.779335
6.101891
6.824733
6.397532
5.472621
5.771253
6.020288
6.889802
5.749737
5.599575
5.754457
6.063438
6.208065
6.200993
5.019136
5.580474
5.939387
6.639608
5.978787
5.638628
5.413288
5.978243
6.333409
5.543077
5.860183
5.738781
6.160955
5.915321
6.685794
6.385372
6.341153
6.432897
6.881330
6.272634
6.689766
6.604747
6.827204
6.822857
5.960090
5.554133
5.674999
5.881112
5.315666
5.919177
5.043474
5.892198
5.988452
6.544215
5.376947
5.110899
5.392865
5.422865
5.743959
5.501157
5.101675
5.253959
5.530326
5.879772
5.247039
5.213420
5.558742
5.356424
7.296522
6.078832
5.181543
5.498822
5.360302
6.519773
5.071030
5.282184
5.558511
5.387650
7.724008
5.947593
5.457671
5.248930
5.175490
6.262254
4.872740
4.781522
5.137076
4.834459
6.599892
5.222364
5.081778
4.936427
4.804772
5.710987
6.169136
5.431917
5.816120
5.825348
6.338912
5.927385
5.770118
5.914840
6.188937
6.102172
5.250673
4.959994
5.313991
5.133052
6.791909
5.602416
5.432219
5.330721
5.285638
6.085315
5.279403
5.053871
5.250083
5.330107
5.809005
5.217314
5.257978
5.275180
5.446712
5.736064
5.654935
5.664726
5.695817
6.089614
7.128187
5.966709
5.212677
5.550396
5.882352
6.760939
5.453995
5.445864
5.520939
5.563346
7.050831
5.622908
5.496372
5.339912
5.591724
6.269450
5.174019
5.197481
5.591755
5.230632
7.371512
5.705557
5.634523
5.210853
5.259882
6.089060
5.905052
5.169706
5.606960
5.643244
5.910159
5.695841
5.234776
5.589501
5.800297
6.092569
5.083440
4.962402
5.144984
5.327058
7.030694
5.446137
5.365193
4.848424
5.314369
5.575935
6.442112
6.039674
6.099565
6.100596
7.049954
6.025810
6.285834
6.202792
6.394459
6.575886
4.709650
4.854414
5.112755
5.127228
7.180270
5.557949
4.914868
4.769716
4.920442
5.930789
5.428047
5.349083
5.671820
5.839463
7.211469
5.967864
5.124107
5.306126
5.497971
6.593948
5.028849
5.233225
5.698715
4.968854
7.800477
5.785300
5.664597
5.290174
5.069848
6.132214
5.270000
5.284868
5.247812
5.475860
7.344579
5.817558
5.221052
5.225024
5.570183
6.242686
5.169342
5.042824
5.275893
5.198325
6.390312
5.496011
5.467672
5.136531
5.360780
5.676043
6.556421
6.057706
6.247174
6.427773
6.886185
6.459380
6.178936
6.202534
6.651433
6.906115
6.512472
6.224434
6.570966
6.460835
6.366380
6.736192
6.051801
6.581766
6.690053
7.120476
5.443998
5.489816
5.429719
5.962706
7.434070
5.982082
5.193346
5.117163
5.643252
6.444491
5.858762
5.613356
5.851538
5.592405
7.079936
5.817058
6.208567
5.833073
5.949269
6.057251
6.192385
5.648870
5.903843
6.028850
5.814249
5.837226
5.441934
5.959881
6.255265
6.502808
5.381548
5.004053
5.033840
5.292849
6.431054
5.105205
5.197628
5.247597
5.527310
5.903056
5.508797
5.398710
5.497015
5.468708
7.173070
5.835763
5.474476
5.408606
5.435974
6.361238
5.767483
5.519987
5.610643
5.892875
6.452974
5.911689
5.384876
5.558020
5.964227
6.379199
4.699863
5.151688
5.175147
5.398802
7.719556
5.577675
5.239652
4.555574
5.088595
6.064358
6.582415
5.817447
6.100011
6.313371
6.133235
6.205074
5.736968
6.173591
6.623359
6.648333
5.730067
5.737407
5.640413
6.093757
7.277277
5.966629
5.705775
5.500891
5.981638
6.588356
5.291814
5.353936
5.629655
5.623997
7.426365
6.171193
5.220594
5.273192
5.461327
6.460976
5.903891
5.427255
5.633973
5.396499
6.113196
5.923281
5.446711
5.819634
5.831246
6.342947
8.618251
7.024213
7.510826
7.994647
7.262552
6.341127
6.789479
8.260061
8.499688
7.314030
6.913345
5.823059
6.139027
6.845502
5.865710
6.102842
5.225120
6.692491
6.962660
6.704372
8.566324
6.995548
7.336677
7.671310
7.028237
6.329652
6.656597
8.342980
8.372518
7.557423
9.485556
7.481267
8.066082
8.532947
7.673452
6.953993
7.404853
9.104386
9.180586
8.053034
7.786034
6.209928
6.713464
7.262385
6.419895
5.506813
5.809708
7.451879
7.648967
6.628391
7.982425
6.687386
7.140577
7.702970
6.913172
6.433302
6.519927
7.822417
8.006499
7.169309
7.279875
5.948064
6.165400
6.697522
6.015898
5.524959
5.395204
6.955692
7.161310
6.494146
7.311610
5.926722
6.405163
6.609097
5.934517
5.760410
5.576135
7.107587
7.143697
6.790456
7.399219
6.174265
6.730093
6.912277
6.211991
5.972887
5.632713
7.267017
7.378687
6.713826
7.813037
6.425998
6.949324
7.446304
6.562426
6.207002
5.729762
7.577119
7.689958
7.131525
7.965928
6.462923
6.695883
7.729828
6.805535
6.357505
6.192475
7.669299
7.987017
7.169813
8.328285
6.656983
7.318557
7.632200
6.770454
6.234547
6.406954
8.006692
8.099373
7.284006
8.976821
7.546686
7.748251
8.499041
7.465143
6.635275
6.937368
8.603606
8.985186
7.633960
7.545756
6.295731
6.769352
7.279760
6.381420
6.101445
5.792171
7.245528
7.593264
6.678630
9.372925
7.615258
8.084262
8.620916
7.610684
6.959530
7.392660
9.021211
9.107762
8.078498
7.331053
6.224885
6.613735
7.028719
6.061387
6.096754
5.328247
7.163721
7.374398
6.981728
9.069495
7.241330
7.645091
8.373456
7.380275
6.580432
6.968962
8.633165
8.895793
7.465318
9.824424
7.806583
8.280665
8.704288
8.057653
7.105549
8.013745
9.282450
9.553066
8.202051
8.092716
6.377394
7.073432
7.553400
6.643501
6.127543
6.198211
7.778210
7.925890
6.973631
8.395374
6.949543
7.441871
7.924932
7.047126
6.736322
6.300488
8.213700
8.224173
7.693894
7.606201
6.252696
6.573024
7.052218
6.268221
5.978145
5.647605
7.393891
7.547990
7.045687
8.071129
6.753414
7.225814
7.553634
6.608602
6.335215
5.884005
7.862075
7.932109
7.315210
7.911544
6.475834
6.853737
7.378676
6.738477
5.885882
6.321363
7.743541
7.904261
7.079595
9.418348
7.297487
8.007791
8.309108
7.707954
6.769996
7.565926
8.920413
9.137491
7.582912
7.891820
6.596481
6.921084
7.432052
6.567595
6.113873
6.067581
7.699122
7.867360
7.279636
8.124586
6.740649
7.179488
7.539552
6.596791
6.264768
6.127657
7.834624
7.993506
7.069697
9.046714
7.361774
7.893350
8.398148
7.361536
6.831047
6.604255
8.771411
8.856810
7.968415
9.959529
7.905673
8.577281
9.031108
7.811289
7.375998
7.115918
9.504928
9.670217
8.639631
7.905705
6.315248
6.558168
7.216122
6.283173
5.906489
6.022915
7.507535
7.680723
6.867552
10.137021
7.884371
8.567236
9.111464
8.304003
7.486055
7.768584
9.712419
9.563258
8.211001
8.109072
6.380472
7.053042
7.433970
6.594653
6.056244
6.157120
7.734887
7.905654
6.946968
9.149926
7.407725
7.991968
8.447989
7.565440
6.919112
7.356183
8.829902
8.945201
7.755250
7.759527
6.315589
6.657118
7.193198
6.314477
5.822563
5.579681
7.433496
7.630728
6.882922
9.938472
8.158546
8.880383
9.144009
8.181038
7.325270
7.603652
9.648710
9.678251
8.403166
7.569085
6.213454
6.500605
7.135598
6.328624
5.937674
6.142391
7.237577
7.550670
6.915564
8.101457
6.556348
7.124127
7.622478
6.578665
6.174984
5.907723
7.870066
7.951536
7.317064
8.692948
7.235478
7.709741
7.976469
7.058473
6.528183
6.895900
8.421533
8.568203
7.637159
9.868821
7.605409
8.409844
8.670518
7.636009
7.235282
7.384305
9.297972
9.595347
8.331083
10.093710
8.082034
8.634916
9.094702
8.043441
7.364065
7.636716
9.716154
9.702776
8.651730
7.950191
6.627510
7.034792
7.435534
6.567737
6.368200
5.982151
7.599304
7.805268
7.096316
7.740689
6.388241
6.785060
7.148439
6.582709
5.963299
6.560090
7.430021
7.526987
6.773086
8.682379
6.984865
7.526418
7.997603
7.113360
6.434965
6.500574
8.353261
8.498574
7.507081
8.725694
6.973720
7.482506
8.063896
7.228091
6.300492
6.688833
8.304415
8.646783
7.346883
9.353576
7.732578
8.313365
8.600786
7.704120
7.077936
7.117083
9.035250
9.098270
8.215242
9.953683
7.514468
8.308658
9.026319
8.124696
6.899821
7.805613
9.318427
9.754764
7.998865
8.072649
6.575213
7.055509
7.498812
6.589849
6.116834
6.058933
7.829075
7.946952
6.999947
9.373531
7.510934
8.159198
8.709795
7.649409
6.713148
7.261623
8.924705
9.304038
7.720060
7.644487
6.133878
6.608041
6.949003
6.199473
6.160051
5.429668
7.378682
7.532767
6.937227
8.025223
6.482208
6.803080
7.293840
6.438461
5.920938
6.300632
7.619031
7.871250
7.144163
8.573765
7.128524
7.461003
7.968773
7.022636
6.481378
6.732659
8.228104
8.432982
7.483133
7.016255
5.582333
5.934589
6.528514
6.388417
6.609769
6.823055
6.806005
6.941607
5.879151
5.504054
4.896043
5.415520
5.790735
5.482159
6.905082
5.672504
5.521684
5.703949
5.287015
6.239131
5.155859
5.816521
5.866724
5.774335
6.292384
5.987953
6.095112
6.201054
5.530510
7.337992
5.533402
6.291372
6.692520
6.587160
6.011600
6.840441
7.095715
7.284823
5.865729
6.179778
5.085208
5.518948
6.077653
5.691064
6.411196
6.021941
5.870029
6.194064
5.434103
5.994234
4.829206
5.603997
5.653398
5.348940
6.172814
5.697092
5.837222
5.945859
5.686196
6.131693
5.132410
5.573894
5.839323
5.770504
6.838263
6.120613
5.937876
6.184597
5.383958
5.701882
4.795449
5.413061
5.443739
5.310892
6.212498
5.519893
5.709551
5.670040
5.412041
5.424285
4.455866
4.976135
5.343196
5.014982
5.707659
5.144409
5.317332
5.520062
5.196865
5.566420
4.631551
5.023301
5.483358
5.176888
6.081034
5.234130
5.432063
5.750522
5.186070
6.611325
5.312432
6.070196
6.369189
6.098122
6.773679
6.453583
6.307112
6.694050
5.761541
6.234125
5.022065
5.473081
5.839822
5.558064
5.543008
5.690385
6.076091
6.167541
5.689316
6.203917
5.313062
5.620786
6.117520
5.679383
5.921035
6.055568
5.966049
6.381448
5.401546
6.438697
5.509885
5.781329
6.402021
6.292793
7.214775
6.486720
6.269907
6.702792
5.311404
6.766582
5.507595
6.151321
6.435137
6.083698
6.185375
6.476114
6.595206
6.758774
5.838305
5.544153
4.496562
5.161496
5.501947
5.078079
6.025336
5.434660
5.382634
5.595564
5.080809
6.359442
4.978444
5.428802
5.961101
5.891101
6.230451
6.238853
6.097730
6.335672
5.208172
7.464581
5.868817
6.602265
6.817482
6.752303
6.287850
7.184576
7.276019
7.391327
6.177657
6.979097
5.449836
6.158803
6.641686
6.329692
6.417515
6.373914
6.666577
6.749215
5.689218
5.781621
4.681184
5.350125
5.555639
5.326695
5.848771
5.543030
5.722499
5.727073
5.093084
6.290894
5.042463
5.766001
5.732543
5.709358
6.529115
5.942352
6.187587
6.162870
5.848389
5.981416
4.896718
5.520325
5.765860
5.601543
6.299674
5.764661
5.977432
5.876101
5.395599
7.156268
5.653229
6.396087
6.356305
6.371479
6.240631
6.748018
7.108568
6.712099
6.091245
6.939388
5.646907
6.364340
6.460201
6.253368
6.371652
6.487979
6.787829
6.897100
6.167052
6.115672
4.925953
5.628167
5.652294
5.448614
5.983388
5.913856
5.992220
6.050942
5.272500
5.800494
5.101779
5.687468
5.706298
5.574187
6.940453
6.177422
5.717052
6.045561
5.168664
6.771111
5.359207
5.951986
6.410827
6.118809
6.167057
6.230498
6.542474
6.839404
5.963377
6.413312
5.102850
5.470239
6.260374
5.730987
5.681892
5.730725
6.117305
6.503399
5.529936
6.256788
5.120464
5.726801
5.807317
5.754575
7.024444
6.538270
6.038541
6.179030
5.446975
6.594110
5.428883
5.715214
6.375921
5.905839
6.191604
6.311214
6.401206
6.584418
5.383672
6.212909
4.970852
5.433746
6.075154
5.747356
6.446054
6.145814
5.884166
6.322117
5.308333
7.048462
5.796394
6.352311
6.714077
6.645012
6.981437
7.166495
6.796442
6.865208
5.864488
5.657865
4.616857
4.936798
5.596335
5.256049
6.002485
5.482025
5.459460
5.768536
5.112910
6.899473
5.556943
6.229683
6.534604
6.132611
5.892621
6.217844
6.773045
6.767287
5.898760
5.801436
4.786269
5.752250
5.293525
5.447008
6.500450
5.847218
5.829539
5.633294
5.591407
6.002971
4.787272
5.547600
5.911961
5.557442
6.165651
5.713492
5.918829
6.117948
5.341089
6.228316
5.294127
5.834771
5.676109
5.851041
6.639492
6.676137
6.210789
6.423986
5.516107
6.868696
5.254993
6.025629
6.199994
5.911324
6.529708
6.753233
6.460904
6.833278
5.623323
7.268922
5.907495
6.212595
6.577677
6.521360
6.232715
6.618740
7.232114
7.197506
6.327143
5.736945
4.684426
5.404433
5.562271
5.288550
6.190388
5.638876
5.555230
5.861956
5.243047
6.261568
5.127440
5.838321
5.890787
5.813982
6.812764
6.435276
6.166769
6.247757
5.476180
6.053105
4.979980
5.703829
5.945313
5.712849
6.140607
6.282440
5.902718
6.034739
5.442414
6.518804
5.126637
5.838598
6.445577
5.953988
6.434318
6.153388
6.183610
6.580627
5.432661
7.142349
5.756537
6.348280
6.521756
6.504842
6.664459
7.039063
7.063704
7.016492
5.924466
7.347833
5.634599
6.283545
7.044394
6.737567
6.412999
6.673692
6.975447
7.391675
5.902303
6.490039
5.211887
5.957446
6.261549
6.018317
6.468319
6.269327
6.196856
6.362377
5.549859
6.886278
5.585298
6.072249
6.550407
6.230691
6.514795
6.804499
6.578198
6.948753
5.743620
6.482692
5.339836
5.391297
6.372985
5.896116
6.638050
6.252057
6.145126
6.651358
5.864201
6.187390
5.041600
5.751098
5.690833
5.643914
6.602951
6.141713
5.998818
6.166238
5.583744
6.588972
5.463045
5.877767
6.405686
5.922622
6.548990
6.253842
6.326234
6.612611
5.719094
5.722620
5.149075
5.432237
6.033237
5.396770
5.988466
6.070363
5.782003
5.641238
6.391825
5.702050
5.338949
5.634713
6.420339
5.634503
7.011482
6.689740
5.633135
5.954147
6.588207
5.475196
5.201464
5.438805
6.170480
5.739150
7.568071
6.555219
5.491982
5.621730
6.504045
5.843560
4.971855
5.625645
6.020571
5.549946
6.348262
6.123215
5.931693
5.714351
6.267248
5.654971
4.999097
5.489560
6.238223
5.784204
7.831688
6.494102
5.648421
5.591507
6.487348
5.614547
5.192167
5.454801
6.076489
5.455048
6.499134
6.725877
5.692270
5.597538
6.605477
5.520006
5.427494
5.921112
6.271881
5.694688
7.476779
6.794377
5.704117
5.719910
6.606852
5.428861
4.829568
5.519097
5.871189
5.648047
7.699040
6.480543
5.573864
5.364590
6.322731
6.061908
5.317970
5.873620
6.467006
5.808919
6.670558
6.859055
6.067209
6.093495
6.964904
5.401451
4.964625
5.070705
6.111418
5.497285
7.415436
6.125188
5.463775
5.474497
6.490889
5.621698
4.967311
5.201531
6.057745
5.378867
6.590434
6.180570
5.534579
5.653175
6.361475
5.919621
5.129541
5.886729
6.056782
5.793773
6.745921
6.224733
6.026927
5.840687
6.241948
6.159203
5.719031
6.260421
6.428040
5.909042
6.495871
6.083615
5.974332
6.349845
6.202264
5.422655
5.252577
5.499609
6.154924
5.648602
7.360622
6.061255
5.448097
5.629769
6.268369
5.662977
5.321637
5.479184
6.316903
5.480382
6.791861
6.553467
5.615316
5.733862
6.858756
5.356611
5.026373
5.208645
5.810141
5.319518
6.826737
6.152845
5.304330
5.504068
5.977394
5.693799
5.547935
5.722786
6.466915
5.700494
7.500400
6.897146
5.735595
5.807783
6.648950
7.084492
6.336124
6.974086
7.353243
6.571474
6.589691
6.928159
6.899903
7.213604
7.158238
6.283683
5.273415
5.618927
6.328425
5.907257
6.605578
5.533506
6.020891
6.114289
6.347370
6.407765
5.613600
6.158884
6.469324
5.744702
5.932656
6.076898
6.254299
6.349466
6.535360
6.010574
5.334512
5.869818
6.332505
5.587032
6.253413
6.661510
5.957958
5.947899
6.749950
5.923796
5.556435
5.693980
6.646350
6.149036
8.534121
7.147850
6.010420
5.982726
7.178617
5.540671
5.221886
5.395580
5.956660
5.136299
6.219380
6.302887
5.560640
5.556823
6.543378
5.948014
4.899781
5.657221
5.874321
5.364234
6.212615
5.854350
5.917827
5.705473
6.059003
5.805441
5.230402
5.717753
6.069896
5.463694
6.550186
6.273835
5.740559
5.845242
6.552762
5.264899
5.085566
5.312317
5.996876
5.221276
6.539426
6.367485
5.321611
5.509351
6.261492
6.121035
5.434639
5.781688
6.499037
5.759006
6.236449
6.560652
6.203020
6.127729
6.989205
5.363354
4.948318
5.266093
5.870149
5.315823
6.497910
6.274120
5.448979
5.429551
6.366539
6.390696
5.573419
6.229502
6.631709
6.336048
8.394492
6.948734
6.413877
6.091923
7.040855
6.378138
5.638290
6.061265
6.606335
6.072083
6.293947
6.318162
6.339599
6.333524
6.212807
5.823627
5.247009
5.583608
6.231734
5.630772
7.136634
6.544172
5.705384
5.784154
6.548890
5.938201
5.467322
5.705339
6.288787
5.495401
6.179798
6.384285
5.796238
6.024744
6.478237
5.360476
4.921007
4.988123
6.000049
5.525902
7.601103
6.164787
5.438123
5.322075
6.678806
6.058593
5.263847
5.892321
6.260717
5.428910
5.965710
6.342673
5.914187
6.101793
6.387404
5.664058
4.852186
5.285989
5.893962
5.608551
7.646892
6.417720
5.620074
5.496598
6.549586
5.921757
5.005655
5.757811
6.381996
6.007345
7.917438
6.677008
5.927572
5.818486
6.785492
5.595676
5.396162
5.557969
6.218508
5.539486
6.750814
6.623761
5.580460
5.812738
6.535133
5.717965
5.026314
5.710075
6.036142
5.566908
6.970364
5.914646
5.532619
5.679311
5.999193
6.986048
6.002646
6.501471
6.945177
6.133560
5.433288
6.485207
6.935115
6.960902
6.755967
5.868459
5.465273
5.771026
6.381153
5.728472
6.993501
6.649851
5.753326
5.948334
6.561727
4.868776
4.895760
5.128185
5.539527
4.966035
7.345465
6.205105
4.933529
5.153912
6.295693
5.962160
5.386065
5.933441
6.426462
5.717506
6.265309
6.553925
5.954179
6.053476
6.700558
5.896526
5.238231
5.584137
6.552901
6.042567
8.289075
6.963836
5.913178
5.937512
6.937417
6.103521
5.469182
6.065586
6.290402
5.675678
6.682246
6.772474
5.932664
6.061907
6.648342
6.545341
5.643293
6.377753
6.796926
6.047867
6.327376
6.005086
6.312336
6.764255
6.294559
5.882368
5.179412
5.588682
6.216675
5.601546
6.621963
6.705292
5.793335
5.768071
6.572497
6.216007
5.364561
6.009001
6.376605
5.801636
5.519786
6.140212
6.132545
6.355764
6.205976
6.254174
5.605713
5.996509
6.748417
6.259816
7.018951
6.804969
6.365367
6.165215
7.017665
6.525160
5.764934
6.257564
6.849747
6.062345
6.526980
6.606364
6.292812
6.678698
6.767544
6.142865
5.504918
5.715075
6.397641
5.704958
6.327902
6.046261
5.890419
6.182320
6.542623
5.358786
5.575840
5.637382
6.172440
5.612603
7.435408
5.933639
6.029665
5.906221
6.091375
4.565866
5.084412
5.319662
5.690673
5.128178
8.494552
6.121759
5.386568
5.282798
6.123442
4.653334
4.815480
5.146232
5.558526
4.829183
7.047730
5.726797
4.854612
5.116946
5.886018
4.765984
5.155117
5.354571
5.593323
5.304609
7.350334
5.877352
5.545415
5.392379
5.949477
4.715683
5.125052
5.507288
5.882952
5.242210
8.340611
5.906352
5.557733
5.406385
5.855545
4.485534
4.795998
5.220737
5.512524
5.015842
8.168410
6.109631
5.139899
4.943025
6.136627
4.700462
5.455916
5.402387
5.935260
5.446298
8.310550
6.317633
5.463096
5.546568
6.215713
4.704757
4.894507
5.416754
5.527519
5.094032
7.953511
5.937364
5.197754
5.008587
6.011037
4.649873
4.569937
5.153284
5.639619
4.959660
7.675063
5.838181
4.733196
4.999194
5.868106
4.785945
5.180567
5.330229
5.786918
5.163549
8.207060
6.141138
5.357386
5.376810
6.104747
5.196155
5.347752
5.588687
6.314980
5.632033
8.017231
5.907749
5.893178
5.971887
6.067894
5.183445
5.058515
5.600488
5.663761
5.210863
6.143198
6.174894
4.922636
5.423331
5.928032
5.316449
5.870190
5.680504
6.410074
5.611626
7.896244
6.735338
5.765547
5.998339
6.229797
5.160302
5.361705
5.316991
6.146548
5.442489
7.792532
5.943399
5.438350
5.705413
6.248962
5.126249
5.550648
5.314514
5.882631
5.278382
7.389868
5.612797
5.699144
5.585161
5.987610
4.650710
5.287190
5.521495
5.916977
5.160766
8.496148
6.347392
5.357411
5.346132
6.307598
5.243891
5.456135
5.410570
6.330483
5.391871
7.576641
6.440180
5.598764
5.896919
5.997108
5.745392
6.175640
6.345296
6.614752
6.130342
8.070450
6.716411
6.652794
6.445758
6.597714
5.169826
5.456583
5.585146
6.059801
5.252270
8.038420
6.261373
5.583043
5.511713
6.201927
4.440797
4.561815
5.267339
5.346570
4.695853
7.121169
5.869544
4.757424
4.845010
5.600352
5.388034
5.600650
5.648665
6.013185
5.604820
8.358678
6.369589
5.911796
5.951503
6.259769
4.634617
5.240182
5.388346
5.747923
5.064448
8.342944
6.152023
5.403831
5.207800
5.889453
4.283761
4.791061
5.335942
5.131704
4.579366
8.083125
5.957610
5.249013
4.825180
5.719520
5.667690
5.521266
5.929364
5.853397
5.591980
7.764248
6.132607
6.066373
5.973354
5.926585
4.736723
5.042792
5.406903
5.181741
5.104030
7.645190
5.647901
5.435288
5.226562
5.791139
4.538016
5.252922
5.512638
5.632857
4.976775
8.465957
6.085818
5.601935
5.271233
5.908867
4.800900
5.072782
5.342061
5.874099
5.161114
7.697093
6.145037
4.947496
5.317705
6.048184
5.538159
5.844959
5.861055
6.756485
5.703590
8.410162
6.843599
5.808317
6.182775
6.827854
5.146094
5.779124
6.105194
6.092520
5.669820
8.302090
6.518114
6.039964
5.780833
6.303520
7.085271
6.649391
6.904513
7.248485
6.596682
7.482058
7.145262
6.779133
7.393955
7.169585
4.802643
4.973628
4.920994
5.598813
4.957474
7.039232
5.306052
5.507739
5.300446
5.614217
5.420496
5.656616
5.974870
6.146111
5.712908
8.668623
6.689520
6.224825
5.711921
6.402965
4.612099
5.138306
5.090117
5.820410
5.007402
8.510368
6.106361
5.298985
5.170113
6.262188
5.010556
5.261174
5.668458
6.041494
5.289385
7.614751
6.279998
5.200539
5.633499
6.163043
4.618905
5.293991
5.571291
5.385135
5.177541
8.084275
6.463256
5.521452
5.159785
6.396585
4.620157
4.870493
5.195982
5.875801
4.976860
8.108890
6.132896
4.781389
5.175083
6.239784
5.222827
5.789623
6.249589
6.151045
5.839529
8.870991
6.566407
6.503061
6.042904
6.216560
5.600502
5.585194
6.024550
6.486560
5.879688
7.548249
6.375550
5.950166
6.117008
6.456599
5.638544
5.400868
5.628333
5.952740
5.556043
7.084734
6.131180
5.604551
5.926998
6.025034
5.059251
5.440590
5.539468
6.181518
5.416371
8.407421
6.350410
5.349614
5.733052
6.325354
5.028558
5.559141
5.917013
5.847169
5.394381
8.478553
6.529887
6.052935
5.510672
6.286085
4.807862
5.321382
5.679074
5.961630
5.531667
8.462721
6.418800
5.881618
5.328708
6.181321
5.293288
5.396096
5.405286
6.586898
5.600506
8.004329
5.862640
5.588742
5.965075
6.168918
5.160904
5.571678
5.527404
5.723082
5.341800
7.885168
6.301765
6.048931
5.578651
6.223472
5.075370
5.395156
5.404426
6.254804
5.516948
8.219359
6.112777
5.457542
5.772851
6.152989
4.922380
5.737292
5.914928
6.470121
5.571975
9.201006
6.719306
5.989721
5.792648
6.639037
5.982712
5.671105
6.153385
6.402739
5.979854
7.712329
6.079070
6.189624
6.601904
6.097470
5.383984
5.535128
5.545626
6.495588
5.649143
8.442461
6.374510
5.616361
6.056481
6.550021
4.867063
5.105885
5.767797
5.735179
5.227644
8.116356
6.157272
5.545068
5.504409
6.014319
5.110639
5.553463
5.843718
5.742975
5.406577
7.830732
6.179337
5.919428
5.589541
6.177442
5.680463
5.775721
6.158059
5.899389
5.932408
7.461664
6.139599
6.357117
5.918678
6.554138
5.024907
4.845515
5.307879
5.355918
5.275783
7.509689
5.675759
5.220917
5.303910
5.947254
5.254376
4.919250
5.714235
5.205113
5.114353
7.544394
5.876148
5.230507
5.390179
6.226993
5.287812
5.098057
5.625672
5.547326
5.282053
7.102405
5.777719
5.448493
5.462653
6.216394
4.980583
5.267911
6.007369
5.417806
5.391598
8.511468
6.046099
5.836091
5.242491
6.133780
4.987184
5.297778
6.007924
5.079633
5.466123
9.233931
6.699579
5.859278
5.498720
6.643003
5.137233
5.468418
5.950314
5.652650
5.727964
9.363281
6.547425
6.123323
5.453468
6.356381
4.992441
4.993570
5.966441
4.980289
5.271626
8.425971
6.443134
5.565814
5.552398
6.429924
4.586941
4.645215
5.126726
4.971216
4.553828
7.097413
5.667089
4.571248
4.806088
5.824081
4.889585
4.899598
5.362189
5.363294
5.175493
7.942910
5.917722
5.442025
5.038448
5.846390
4.685543
4.911765
5.300667
5.367779
5.333897
8.824855
6.298783
5.169987
5.060796
6.320646
4.978102
5.019033
5.624997
5.023253
5.140976
7.334106
5.866100
5.435842
5.278200
5.973626
5.324705
5.319435
5.995016
5.549614
5.457917
8.640701
6.357126
5.761544
5.421776
6.563436
4.948329
5.188013
5.793682
5.319677
5.539342
9.188451
6.095099
6.026028
5.348081
6.304355
5.402202
5.501437
5.860263
5.686815
5.451949
7.787288
5.965721
5.971299
5.556241
6.129034
5.120173
4.786375
5.421253
5.116050
4.891788
7.665323
5.342194
5.491207
5.145637
5.553866
5.214728
5.176490
5.835109
5.280784
5.406853
8.535287
6.351792
5.927050
5.313588
6.008395
5.620449
6.025104
6.693308
6.078184
6.235157
9.703409
6.789738
6.794747
6.027039
6.828219
5.166945
4.942907
5.724446
5.210402
5.156527
7.508919
6.009881
5.187138
5.500768
6.253417
4.630180
4.641327
5.346957
4.934941
4.826288
7.474721
6.155040
4.754702
4.802856
5.857503
5.165799
5.384053
6.090211
5.137107
5.481391
8.701089
6.687702
5.753607
5.728457
6.640793
5.180921
5.455130
6.098509
5.409932
5.534137
9.376402
6.851021
5.971395
5.609009
6.626731
4.866885
4.794959
5.544188
4.993222
4.989216
8.155499
6.005120
5.247819
5.316816
6.106591
5.426635
5.180822
5.892424
5.478799
5.595228
6.725820
5.881356
5.624881
5.748795
6.073069
5.092658
5.274581
5.969839
5.161984
5.440144
8.992661
6.764409
5.628196
5.566168
6.593779
4.870515
4.885163
5.588573
4.997018
5.101659
8.780857
5.888904
5.549029
4.976271
5.874106
4.746410
4.918171
5.590458
5.111806
5.002663
7.886077
6.227673
5.110493
4.961563
6.115200
4.917757
4.990793
5.549635
5.171713
4.982166
8.157028
5.977868
5.568966
5.111306
5.963355
5.290706
5.831972
6.277826
5.446473
5.957791
9.706011
6.886594
6.513772
5.847486
6.922482
5.477151
5.490473
6.197087
5.631420
5.782798
7.818009
6.283720
5.940060
5.779834
6.235659
4.827068
4.741307
5.163507
5.059948
4.863523
7.890706
5.581695
5.309351
5.015960
5.749036
5.247587
4.994999
5.414817
5.057897
5.160685
7.342563
5.352893
5.843835
5.427294
5.484518
4.897788
5.082381
5.630751
5.411694
5.152152
8.606889
6.252945
5.436230
4.992428
6.365506
4.931438
4.886867
5.552637
5.210237
5.003683
8.175837
6.041420
5.406911
5.157680
6.194533
5.105142
4.973073
5.711943
5.055388
5.240125
7.985931
5.991694
5.641614
5.293351
6.015039
4.998074
5.029504
5.897328
5.304471
5.241250
8.523147
6.441524
5.532558
5.318809
6.361769
5.266386
5.042747
5.821829
5.290393
5.425233
7.794616
5.958493
5.857714
5.482980
5.794358
5.088373
5.108422
5.673839
4.941774
5.095945
7.582400
5.541703
5.858890
5.351192
5.801428
5.113590
5.378846
5.937073
5.295629
5.604022
8.265901
6.356767
5.936662
5.624434
6.259702
4.487088
4.763953
5.357089
4.903776
4.884373
8.014723
5.813519
5.217968
4.860991
5.943141
4.988210
4.797231
5.498860
4.917562
5.057394
7.556774
5.412485
5.468660
5.189251
5.533270
5.083193
5.129354
5.573648
5.380554
5.336320
8.214021
6.198885
5.712472
5.101100
6.181321
5.048918
5.257550
6.045682
5.532172
5.433523
9.099355
6.592464
5.543433
5.436656
6.688645
5.868024
5.851105
6.714468
5.719041
5.825188
8.404632
7.025968
6.390416
6.183443
6.959619
5.538990
5.464163
6.287354
5.687016
5.635659
8.605993
6.217694
6.015780
5.458864
6.198427
5.029951
5.103769
5.768778
5.213187
5.300698
8.629268
6.426795
5.695923
5.247829
6.353279
5.938274
5.797506
6.356555
6.244842
5.857195
7.975184
6.364125
6.230051
5.915014
6.573946
5.161715
5.276933
6.021664
5.516023
5.305723
8.697508
6.496866
5.827340
5.114467
6.346382
4.634767
4.881355
5.608985
4.845721
5.033716
8.495647
6.127795
5.466042
5.065478
6.142839
4.758789
4.591472
5.349445
5.088398
4.873308
7.950096
5.486015
5.278878
4.763934
5.541064
6.897702
5.786807
6.421669
6.463623
6.742635
7.569666
5.718914
7.257785
6.814743
6.867992
5.849340
5.105538
5.520841
5.991984
5.879831
7.192938
5.460561
6.163241
5.778642
5.903130
6.306963
5.048014
5.807961
5.834879
5.977837
6.644085
4.833697
6.288244
6.124517
6.153749
6.269698
5.187109
5.663718
6.017502
6.087878
6.383077
5.293596
6.457527
6.244734
6.373680
6.234713
5.099100
5.622766
6.141367
6.105736
7.240841
4.950201
6.529502
6.076396
6.205726
5.124602
4.745222
5.454773
5.175794
5.360929
7.977601
5.808657
5.843906
5.313187
5.029152
5.845946
5.210678
5.740698
5.767595
5.999136
7.693603
5.616382
6.608476
5.869497
5.957861
5.657495
4.932596
5.706096
5.459018
5.739896
7.624824
5.563672
6.149643
5.823917
5.649217
5.389312
4.412862
5.065478
5.313843
5.225997
6.758288
4.748786
5.708076
5.282111
5.299112
5.614372
4.844561
5.447341
5.638160
5.552721
7.728065
5.378719
5.952019
5.468109
5.789578
6.246409
5.108638
5.861399
6.233673
6.189548
7.397162
5.203784
6.611735
5.940698
6.302210
6.021660
5.226219
5.553258
5.627982
5.750774
6.901255
5.159697
6.652939
6.027843
5.837202
6.015870
5.092941
5.706449
5.944779
5.816046
7.199265
5.254750
6.346494
5.894878
5.971763
5.761302
5.037680
5.957624
5.736552
6.088719
7.977467
5.350655
6.344225
5.712660
5.787248
5.799257
5.243244
5.497765
5.748166
5.602532
7.464525
5.544201
6.320661
5.702259
5.724108
5.977910
4.738577
5.518811
5.751873
5.534975
6.317176
4.793893
6.071379
5.794205
6.111903
6.764510
5.381814
6.192631
6.444593
6.388287
7.403191
5.406670
6.943501
6.454964
6.801762
6.927042
5.945545
6.487875
6.596570
6.742189
7.339892
5.971874
7.322715
6.885126
7.042090
7.141386
5.273848
5.960782
6.490098
6.396487
6.353542
5.210836
6.742118
6.840670
6.914349
5.648190
5.074962
5.289451
5.700289
5.532483
6.753478
5.354951
5.856368
5.650674
5.704097
6.203390
5.080094
5.983333
5.625956
5.951159
7.534853
5.474182
6.354777
6.188247
5.973827
6.086146
4.846418
5.727009
5.851748
5.880913
7.418250
5.344086
6.204405
5.962004
5.881017
5.932758
4.958906
5.688908
5.372188
5.753314
6.959900
4.933079
6.320179
6.016505
5.825468
6.079552
5.201444
5.713983
5.721274
5.986233
7.120497
5.389505
6.548202
6.072391
6.093106
5.500417
4.820406
5.549464
5.477219
5.623056
7.474519
5.245999
6.042470
5.621197
5.475982
7.061998
5.927041
6.391314
6.606653
6.795577
7.604429
5.362382
7.697330
6.940828
7.033171
5.789272
4.757298
5.157302
5.672330
5.564465
7.198559
5.123364
5.935261
5.556749
5.729554
6.663318
5.416092
5.975562
6.666559
6.218466
7.069665
5.511148
6.544220
6.283284
6.839293
5.417826
4.918025
5.585198
5.431476
5.584627
7.608682
5.469535
6.145699
5.396141
5.652277
7.027348
5.973021
6.472115
6.845813
6.742382
7.402509
5.808944
7.056080
6.790248
6.896900
6.158151
4.841716
5.325262
5.910339
5.882921
6.828611
4.702669
6.402163
5.951445
5.992381
6.722516
5.791456
6.005937
6.257735
6.433339
7.495668
5.747655
7.398988
6.640529
6.593978
5.960665
4.895585
5.398720
5.719815
5.870849
7.147417
4.744585
6.403182
5.809874
5.833275
5.791521
4.927970
5.397532
5.715491
5.545825
6.353419
5.068185
5.903329
5.787723
5.811009
5.638288
4.782838
5.617853
5.412801
5.587097
7.316725
5.451094
5.825367
5.586729
5.517533
6.023479
4.861818
5.393992
5.689105
5.694261
6.682598
4.598366
6.236699
5.951890
5.983375
6.823832
5.909880
6.564022
6.375895
6.635907
8.048954
5.943677
7.464307
6.766035
6.869354
6.218105
5.088630
5.848361
5.623144
5.841858
7.102917
5.525381
6.528224
6.022108
6.011569
7.074697
5.878516
6.194793
6.492261
6.517951
6.588364
5.851001
6.801626
7.004343
7.100154
5.752529
5.047303
5.604974
5.547146
5.695779
7.439018
5.127879
6.506080
5.569028
5.864243
6.483027
5.476166
6.175197
6.221709
6.276434
6.916591
5.597679
6.758833
6.280201
6.422583
6.156889
4.782740
5.702595
5.785511
5.828853
6.747591
4.882257
6.117953
5.898152
5.928033
6.051323
4.799228
5.603308
5.766607
5.701691
6.908803
4.757339
6.179019
5.810215
6.124217
6.574582
5.415165
6.216110
6.105909
6.191922
7.128612
5.757669
6.580077
6.504223
6.195263
6.290777
5.100221
5.768570
6.087755
6.014443
7.267553
5.174966
6.340689
5.957104
6.412643
6.307803
5.206996
5.854321
6.142293
6.165549
7.292052
5.130363
6.844921
6.015756
6.072305
6.565783
5.707631
6.053296
6.575469
6.381837
7.343101
5.663868
6.853945
6.397697
6.866638
5.993914
5.299505
5.500225
6.154570
5.861048
7.495056
5.468562
6.401471
5.742626
5.895885
6.230642
4.925552
5.589341
5.561147
5.833933
6.970124
5.124301
6.452593
6.058889
5.997403
6.198960
5.058249
5.834341
6.199108
6.015970
7.178419
5.176297
6.419951
6.013281
6.219498
