4.657781
4.245430
4.522784
4.947268
4.202964
4.981310
4.567772
4.337822
4.156900
4.615346
4.524182
4.423109
5.146899
4.557833
4.418030
4.477580
4.637491
5.319050
5.056146
4.064241
4.876997
3.926493
4.288767
5.186050
4.467737
4.242386
4.241584
4.445014
4.485451
4.866911
4.357114
4.648253
4.537381
4.648250
4.490896
4.441931
4.519199
4.197297
5.197209
4.228471
5.269834
4.568652
4.201877
4.716441
5.228164
4.177168
5.953194
4.843736
4.175376
4.490664
4.015605
4.205903
3.905416
4.552673
4.067729
3.970744
4.059140
4.016055
3.944472
4.241897
4.246378
4.206060
4.289019
4.245250
4.024945
4.133641
4.847336
5.629154
4.690020
4.122802
4.480029
3.816323
4.153254
5.171202
4.174923
3.896867
4.102999
4.333726
4.621892
4.993359
4.358572
4.315194
4.134547
4.191906
4.218866
4.113928
4.096542
4.690594
5.129876
4.043266
4.750011
4.681229
4.142647
4.775395
4.333153
3.911133
4.925053
4.397162
3.702168
4.440207
5.441033
4.128184
4.534780
4.815303
4.221743
4.315200
4.244360
4.236439
4.207201
4.262511
3.891003
4.955001
5.181267
5.040108
4.425612
4.256176
4.268064
5.727754
4.228479
4.500071
4.704700
4.223219
4.283020
5.003894
4.334851
4.311387
4.540328
4.448680
4.662909
5.314202
4.321285
4.593461
4.179904
4.507643
4.827634
4.218508
4.797649
5.406031
5.090814
4.443600
4.984236
4.668934
4.531718
4.665601
4.725193
4.444137
5.367277
4.234448
4.229664
4.928452
4.769299
4.436757
4.336213
4.584339
4.275850
4.526408
4.624768
4.182505
4.297127
4.797611
4.714607
4.573886
4.580959
5.120829
4.717035
4.853116
4.779657
5.456309
4.646181
4.565725
4.527691
4.389825
4.351052
4.894641
4.402264
4.479436
4.523528
4.665410
4.700314
5.534441
4.578046
4.677258
4.546040
4.339051
4.741159
4.294832
4.623610
4.477973
5.365406
4.226065
5.153062
4.870741
4.833358
4.967827
4.806284
4.673305
5.333966
4.673437
4.207753
4.684455
4.873157
4.731730
4.620457
4.975567
4.657462
4.569363
4.261689
4.402968
4.194775
4.777445
4.575110
4.917716
4.659135
4.648935
4.795855
4.442371
4.964188
5.681824
4.840974
4.353554
4.690947
4.733787
4.131793
5.263638
4.642338
4.277356
4.816733
4.533857
4.652295
5.021842
4.432003
5.222824
4.280652
4.694983
4.779506
4.580358
4.401034
5.336774
5.476158
4.854857
5.158489
4.912091
4.272353
4.646521
4.650899
4.165961
5.341870
4.915121
4.745669
4.652189
4.538425
4.862953
4.226251
4.242476
4.066998
4.687716
4.358261
4.433391
3.863679
4.226423
5.005660
4.012762
4.308689
4.476069
4.257163
4.035646
4.296221
5.114051
4.195166
4.091178
4.096091
3.974101
4.528842
4.846643
3.876063
4.153164
3.938407
4.184249
4.197584
5.090628
3.849289
4.675783
3.922870
4.399561
4.809433
3.950125
4.508867
4.397140
4.453202
4.409090
4.525451
4.091720
4.429267
4.318201
4.919789
3.774089
4.357991
4.112862
4.479867
4.493057
4.323589
4.431428
4.249251
4.607962
3.897799
4.397738
4.292624
4.201339
4.145728
4.351842
4.612239
4.460594
4.361749
4.782388
4.450813
3.947982
4.254677
4.955902
4.547440
4.416101
4.520455
4.176635
4.690062
5.216538
4.188880
4.208501
4.643973
4.379767
4.426470
4.442936
4.144235
4.770550
3.902914
4.566969
4.494971
4.075343
4.196831
4.590340
5.116036
3.938231
4.406673
4.354500
4.237050
4.577473
4.541962
4.155024
4.802162
4.565525
4.504197
4.608405
3.967754
4.016412
4.414651
4.401344
4.300560
3.761439
4.272934
4.332697
4.144568
4.247125
3.633114
4.503083
4.833281
4.567388
3.983584
4.171367
4.436897
5.039273
4.707501
4.257667
3.910870
4.361080
4.030941
4.458376
4.121997
3.714595
4.005527
3.990148
5.268870
4.851380
4.164477
4.517793
4.007226
4.032316
4.446805
4.225891
3.925457
4.594168
5.125788
3.985762
4.608073
4.040407
4.296652
4.391479
4.864289
3.731042
4.312263
4.857951
4.683771
4.614976
5.049144
4.404886
4.416937
4.642351
4.249518
4.345885
4.701780
4.720682
4.263544
4.590289
4.641183
5.024952
4.987893
4.774826
4.902798
4.267429
5.035114
5.410335
4.861313
4.117295
5.074960
4.507135
4.112684
5.412441
4.643461
4.214152
4.290648
5.031616
4.904034
6.514242
4.484015
5.183671
4.243332
4.837583
4.673876
4.298284
4.845474
4.864653
5.249270
4.510100
4.927201
4.588344
4.657212
4.911536
4.651399
4.419147
5.293662
4.664866
4.415214
4.990277
5.437040
4.638411
4.598535
5.070674
4.526529
4.544664
4.889846
4.392704
4.378866
4.867527
4.481560
4.465777
4.701759
4.558911
4.860174
4.720257
4.684146
5.445542
4.744771
4.196466
4.632928
4.527302
4.466862
5.201783
4.557741
4.189501
4.303254
4.359513
4.796088
5.220169
4.525133
4.506815
4.489453
4.409171
4.513698
4.737307
4.800718
4.418101
4.985464
4.153927
4.463537
4.663874
4.738516
5.117298
5.438533
4.397627
5.889039
4.663885
4.212869
4.350915
4.908304
4.790629
4.785977
4.730606
4.382065
4.959476
4.555427
4.805019
4.326720
4.740858
4.411474
4.980969
4.689535
4.631051
4.881288
4.695426
4.731865
5.328988
5.074831
4.513533
5.291194
4.437092
4.848344
4.680967
4.446561
4.921563
4.353799
4.988586
4.450475
5.380986
4.663928
5.328842
4.567258
4.537970
5.108097
5.039727
5.043424
4.734566
5.390702
4.205605
5.342062
4.695428
4.657452
4.926163
4.905596
4.268258
5.085677
4.653498
4.820673
4.489559
