2.796044e+00
4.164837e-01
1.123270e+00
2.491628e+00
1.375631e+00
-1.305947e+00
1.953363e+00
2.023927e+00
2.698928e+00
-7.266006e-02
-3.614547e-01
-5.698637e-01
-1.992485e-01
2.284364e-01
-7.735894e-01
5.071430e-02
6.259682e-01
-3.560302e-01
-2.411597e-01
6.597928e-01
-3.460741e-01
-1.771326e-01
-8.484952e-01
-1.197199e+00
2.973361e+00
7.374729e-01
1.181261e-01
-1.329357e+00
-1.047498e+00
-1.265183e-01
-1.200229e+00
-8.668065e-01
-9.949518e-01
-1.410494e+00
5.242355e-01
-5.694880e-01
-2.179094e-01
-1.187225e+00
-1.094613e+00
-8.678422e-02
-3.940537e-01
-2.292905e-01
-7.394265e-01
-1.121359e+00
1.617807e+00
6.063938e-01
1.342367e-01
-1.075927e+00
-1.101646e+00
-1.126914e-01
-1.109752e-01
-1.780513e-01
-3.995861e-02
-1.055911e+00
3.617387e-01
1.364108e+00
-4.156549e-01
-1.229266e+00
-9.832564e-01
9.705639e-01
-8.960354e-01
-6.627311e-01
-1.018650e+00
-1.274855e+00
2.853422e-01
-8.318797e-03
-1.714190e-01
-1.085499e+00
-1.140281e+00
7.071358e-02
1.222866e-01
-8.211788e-01
-4.711732e-02
-3.755379e-01
-9.395752e-01
-1.400665e+00
-2.053994e-01
-3.099930e-01
1.210237e-02
-9.596426e-01
5.272902e-01
-3.852617e-01
3.464493e-01
-5.588976e-02
-1.171213e+00
-1.111823e+00
-1.836465e-01
4.924206e-02
5.983586e-01
-4.323647e-01
1.178040e+00
-3.068074e-02
1.275502e+00
6.191058e-01
-1.392376e+00
-4.832953e-01
-5.670797e-01
5.755650e-01
1.217103e+00
-2.273977e-02
-9.885176e-02
-5.591536e-01
-6.535153e-01
-6.412914e-01
6.816200e-01
-1.460566e+00
-3.769050e-01
-3.715338e-01
-3.840427e-01
-1.421126e+00
-9.043509e-02
-9.649974e-01
-3.502694e-01
-6.023171e-01
-9.147778e-01
-1.665079e+00
-3.949569e-01
-2.310801e-01
-2.674883e-01
-1.009980e+00
-4.456292e-01
-1.158231e+00
-1.568858e-01
-4.723279e-01
1.585707e-01
-5.065831e-01
-2.052472e-01
-6.761869e-01
-4.044150e-02
-4.513823e-01
8.338345e-02
-1.219162e+00
-2.252024e-01
-6.181554e-01
-8.852251e-02
-9.872307e-01
2.804954e-01
-4.573743e-01
2.052212e-02
-6.692419e-01
-6.719634e-01
-1.456167e+00
-8.131420e-01
-9.285928e-01
1.001473e+00
-7.554725e-01
-2.839541e-01
-8.144984e-01
-5.172753e-01
-7.826771e-01
-2.983868e-01
-1.107460e+00
-5.536030e-01
-5.468077e-01
1.149018e+00
-4.861291e-01
1.728963e-01
-4.618300e-01
-1.986421e-01
-3.921472e-01
1.386801e-01
-1.345878e+00
-4.204904e-01
-4.827940e-01
4.604281e-02
-1.249540e+00
5.057879e-01
-2.886163e-01
1.794204e-01
-6.389293e-01
-5.921113e-01
-1.066055e+00
-5.968223e-01
-9.720423e-01
1.120585e+00
-8.315788e-01
4.751370e-01
-4.783619e-01
-7.289711e-01
-1.483928e+00
-2.423013e-01
-8.876008e-01
-2.649564e-01
-6.284201e-01
6.748648e-01
-2.775807e-01
5.901564e-02
-3.076509e-01
-7.819425e-01
-2.295217e-01
-1.239562e+00
1.971180e-01
1.011085e-02
-7.724043e-01
1.970236e+00
1.212120e+00
8.043967e-01
-7.362339e-01
-7.747449e-01
5.904827e-01
-1.662741e+00
-9.527882e-02
-1.020961e+00
-9.213075e-01
1.386645e+00
1.454108e+00
6.208538e-01
-1.199563e+00
-8.178478e-01
1.069293e+00
-9.524055e-01
-3.249697e-01
-9.878820e-02
-5.798741e-01
1.378831e+00
8.124022e-01
8.291710e-01
-1.964609e-01
-8.662708e-01
4.603572e-01
-1.290789e+00
-1.151916e+00
-1.160105e+00
-1.174373e+00
1.899304e+00
-1.042149e+00
3.376482e-01
-1.149143e+00
-1.031492e+00
-6.195026e-01
-7.978337e-01
-1.075629e+00
-7.446983e-01
-4.889085e-01
-4.142928e-01
-1.495911e+00
2.299246e-01
-1.075323e+00
-5.073771e-01
-1.728533e-01
-1.273997e+00
-8.654911e-01
-7.053564e-01
-4.858307e-01
5.145481e-01
1.599768e-01
-1.327907e-01
-1.522519e+00
-1.066674e+00
1.568585e-01
-1.107134e+00
-8.696987e-01
-6.091426e-01
-2.260538e-01
-1.073069e-01
2.300986e-02
-3.576839e-01
-1.492049e+00
-8.526023e-01
3.149761e-01
-1.332202e+00
-7.994428e-01
-7.726806e-01
-4.826141e-01
1.554647e+00
5.711998e-02
-1.508615e-01
-1.641451e+00
-1.059103e+00
7.618527e-02
2.451334e+00
2.360347e-02
6.946821e-01
1.916699e+00
1.032374e+00
-1.664674e+00
2.067625e+00
1.643218e+00
2.441445e+00
-4.762371e-01
2.424128e+00
-1.096670e-01
8.537818e-01
1.935908e+00
1.215873e+00
-1.208175e+00
1.374406e+00
1.827984e+00
2.252828e+00
2.697391e-01
2.652664e+00
1.031341e-01
1.146131e+00
2.101714e+00
1.456212e+00
-1.215304e+00
1.513981e+00
1.881677e+00
2.401845e+00
2.400893e-01
2.645030e+00
3.377235e-01
1.197794e+00
2.287613e+00
1.260616e+00
-1.266944e+00
1.945380e+00
1.912606e+00
2.582907e+00
8.203476e-02
2.078754e+00
-3.160511e-01
1.001415e+00
1.327248e+00
3.718654e-01
-1.089169e+00
2.425648e+00
1.194830e+00
2.270727e+00
-6.245467e-01
3.954105e-01
-1.388074e+00
-5.316588e-01
-6.787784e-02
-8.078779e-01
-5.268894e-01
7.556103e-01
-1.721946e-01
5.821260e-01
-1.465659e+00
1.611871e-01
-1.184964e+00
-5.415262e-01
-2.063309e-01
-8.477924e-01
-1.078668e+00
5.931627e-01
-1.228459e-01
3.108234e-01
-7.434439e-01
1.087064e+00
-1.041757e+00
8.678826e-02
5.208384e-01
-3.067753e-01
-1.311088e-01
1.385860e+00
4.330182e-01
1.275865e+00
-1.307716e+00
1.398420e+00
-9.146322e-01
3.255196e-01
5.965418e-01
-2.118446e-01
-3.205586e-01
1.617360e+00
6.885086e-01
1.589673e+00
-1.269692e+00
4.793181e-02
-7.415452e-01
2.490134e-01
3.219995e-01
-3.321340e-01
8.488027e-01
2.038836e-01
-3.444773e-01
8.390427e-02
-4.692435e-01
7.672226e-01
-1.905345e-01
5.971959e-01
1.232627e+00
7.406260e-01
2.316331e-01
1.077574e-01
3.892693e-01
4.828339e-01
-8.624495e-02
-3.161473e-02
-1.054768e+00
4.828603e-02
2.239574e-02
-6.139381e-01
5.976224e-01
-1.839500e-01
-4.276717e-01
-2.676318e-01
-4.249625e-01
6.237060e-01
-3.577326e-01
6.283488e-01
5.670878e-01
4.586896e-01
6.521107e-01
6.639568e-01
3.104179e-01
6.744895e-01
-6.180980e-01
2.979310e-01
-5.041602e-02
2.647252e-01
1.013628e+00
2.912762e-01
4.208712e-01
8.681741e-01
-1.497501e-01
2.598025e-01
-3.776335e-01
-1.359343e+00
-1.263794e+00
-7.261297e-01
-5.870995e-01
-1.738323e+00
2.190539e+00
-3.369295e-01
-5.852971e-01
-9.262676e-01
-8.573748e-01
-1.020630e+00
-7.711063e-01
-4.228920e-01
-1.084393e-01
-1.254648e+00
1.666239e+00
2.519156e-02
-3.803949e-01
-5.178166e-01
-2.654270e-01
-8.737714e-01
-5.781502e-01
-1.268474e-01
8.968968e-02
-1.121318e+00
1.588270e+00
1.340378e-01
-6.930412e-01
-3.491878e-01
-4.072833e-01
-1.282572e+00
-1.042167e+00
-7.522707e-01
-3.008981e-01
-1.476357e+00
9.857159e-01
-5.555785e-03
-7.182774e-01
-7.882488e-01
-1.226362e-01
-1.236263e+00
-5.678317e-01
-1.296863e-01
-1.406740e+00
-1.094462e+00
3.103683e+00
6.450191e-01
3.054296e-01
-7.778129e-01
-5.331590e-02
-6.033623e-01
-5.583816e-01
-2.602173e-01
-6.940398e-01
-7.688103e-01
7.747028e-01
-1.835637e-02
1.965413e-01
-4.709782e-01
2.847445e-01
-1.146364e+00
-7.677302e-01
-4.161588e-01
-1.270583e+00
-1.324266e+00
7.090256e-01
-8.378717e-01
1.914874e-01
-9.223445e-01
-2.270437e-01
-1.065923e+00
-3.543063e-01
1.979113e-02
-1.265269e+00
-1.119002e+00
2.223364e+00
5.719721e-01
3.867611e-01
-6.319889e-01
7.434497e-02
-1.197629e+00
-7.466747e-02
-7.948557e-02
-4.944668e-01
-7.777801e-01
2.770652e+00
1.360645e+00
8.423799e-02
-9.388134e-01
7.950752e-01
7.753333e-01
-1.326316e+00
1.730619e-01
3.451557e-02
-2.941065e-01
8.085727e-02
-1.744820e+00
3.267694e-01
2.152524e-01
8.043101e-01
1.260664e+00
-7.912020e-01
7.297841e-01
3.567299e-01
2.371089e-01
4.503319e-01
-1.306177e+00
7.785136e-01
7.483850e-01
1.205024e+00
6.200295e-01
-1.564804e+00
-1.178181e-01
-3.466672e-01
-3.870836e-01
1.197711e-01
-2.002216e+00
2.741171e-02
1.911624e-01
5.918596e-01
6.003988e-01
-1.046230e+00
4.384463e-01
7.696701e-02
-2.046044e-01
1.727384e-01
-1.224650e+00
4.392070e-01
4.679380e-02
7.443102e-01
7.426969e-01
-1.411347e+00
3.281060e-02
-1.730755e-02
-3.046684e-01
-7.222741e-02
-1.932626e+00
3.169779e-01
1.938814e-01
8.118440e-01
-1.604235e+00
-2.748161e-01
-2.746403e-01
-8.493057e-01
2.947109e+00
1.203679e+00
1.046622e-01
-1.104831e+00
-1.562661e+00
3.940157e-01
1.571067e+00
-2.700703e-01
4.835336e-01
1.217311e+00
5.438516e-02
4.194425e-01
9.426242e-01
6.359058e-01
1.942562e+00
-1.149573e+00
-6.721403e-01
-7.404840e-01
-1.028462e+00
-1.132579e+00
3.303911e+00
4.592971e-01
-9.537621e-02
-1.090093e+00
-1.357723e+00
-1.387047e-01
-2.485073e-02
-5.436331e-01
-4.389523e-01
-7.571528e-01
2.210863e+00
1.443418e+00
5.668887e-02
-1.070048e+00
-7.277983e-01
3.337246e-01
-3.964004e-01
-6.743824e-01
-6.053236e-01
-1.338261e+00
2.656953e+00
8.005126e-01
-2.069752e-01
-1.565663e+00
-9.547225e-01
-8.591226e-02
1.005136e-01
-5.210040e-01
-4.547312e-01
-7.459598e-01
1.408405e+00
1.735350e+00
9.677047e-02
-9.860855e-01
-7.776673e-01
7.802344e-01
-3.148839e-01
-7.680157e-01
-3.282684e-01
-8.847594e-01
2.212975e+00
1.145950e+00
-2.042425e-01
-1.192999e+00
-9.134629e-01
-2.418381e-02
-4.850516e-01
-6.324590e-01
-4.290788e-01
-7.877782e-01
5.881857e-01
-4.800130e-01
-9.831087e-01
-7.973447e-01
-3.969125e-01
-6.748346e-01
-4.646114e-01
-7.170830e-01
-3.126525e-01
-7.907570e-01
3.147382e-01
-6.550921e-01
-8.626655e-01
-9.282781e-01
-2.628808e-01
-7.898820e-01
4.192401e-01
-4.686816e-01
9.345966e-01
2.283826e-01
-5.790688e-01
-1.047341e-01
-8.523322e-01
6.257936e-02
8.201043e-01
-3.416836e-01
-6.544452e-01
-1.052315e+00
-5.081860e-01
-1.004411e+00
1.190349e+00
-1.050509e+00
-6.531862e-01
-1.052159e+00
-4.243386e-01
-1.214904e+00
-5.771383e-01
-1.033944e+00
-5.275491e-01
-9.266449e-01
8.746018e-01
-1.277968e+00
-6.065841e-01
-8.918391e-01
-5.466724e-01
-1.322351e+00
2.541873e-01
-1.149883e+00
-1.472265e-01
-6.930699e-01
8.132701e-01
-1.177738e+00
9.899780e-02
-3.478540e-01
3.242560e-01
-1.203308e+00
-2.480939e-01
-1.498739e+00
-2.487141e-01
-7.301040e-01
9.665650e-01
-1.241720e+00
-1.750745e-01
-6.643905e-01
-4.516196e-03
-1.208582e+00
6.245428e-02
-7.150879e-01
7.487797e-01
-2.192114e-01
-3.196466e-01
-8.554420e-02
-1.958140e-01
-5.023012e-01
5.118691e-01
-1.939880e-01
-4.040805e-01
-1.479791e+00
-2.251040e-01
-6.592792e-01
9.389179e-01
-9.590234e-01
9.396799e-02
-7.443030e-01
-6.587248e-02
-8.129739e-01
3.075816e-01
-1.133590e+00
1.678737e-01
-3.257975e-01
6.863976e-01
-6.372976e-01
2.150403e-03
-3.662539e-01
2.879329e-01
-6.438904e-01
-1.435573e+00
-9.266490e-01
-8.526869e-01
-8.606843e-01
2.728308e+00
-4.015853e-02
5.774896e-02
-9.218893e-01
-1.370043e+00
-1.957950e-01
1.767902e-01
-1.593751e+00
-5.044285e-01
1.209240e-01
-9.085187e-01
5.950296e-01
-8.844818e-02
-5.078021e-01
4.719418e-01
-1.644474e+00
6.415328e-01
-2.947713e-01
1.416256e-01
1.295862e+00
1.877407e-01
5.670350e-01
1.767630e-01
-1.505493e-01
9.558564e-01
6.212774e-02
-4.773808e-01
-7.826525e-01
-4.904784e-02
-1.269622e-01
-6.489146e-01
2.480945e+00
3.808357e-01
-8.150443e-01
-5.024714e-01
-3.509127e-01
-7.321453e-01
-8.765021e-01
-5.261277e-01
4.662566e-02
-1.083456e+00
8.923901e-01
4.563733e-02
-1.217439e+00
-3.973841e-01
-1.320007e-01
-7.359489e-01
-1.102131e+00
-5.012841e-01
-2.173401e-02
-1.137430e+00
7.238290e-01
4.369861e-02
-1.222675e+00
-4.052877e-01
-3.215782e-01
6.009006e-01
-3.596795e-01
6.501699e-01
1.198333e+00
1.398934e-01
5.219410e-01
-5.911758e-01
-2.396680e-01
1.042676e+00
-7.240613e-01
-1.402281e+00
-9.688846e-01
-1.079887e+00
-5.511896e-01
-1.391912e+00
2.581705e+00
4.152201e-01
-4.939568e-01
-9.525731e-01
-3.838469e-01
-1.594572e+00
-7.036591e-01
-8.889608e-01
-4.861429e-01
-1.417784e+00
3.048024e+00
4.841560e-01
-2.675774e-01
-9.725673e-01
-3.855903e-01
-1.547993e+00
-7.801294e-01
-9.438258e-01
-5.129231e-01
-1.429100e+00
2.855033e+00
4.775986e-01
-1.910323e-01
-9.163397e-01
-3.565956e-01
-1.445447e+00
-7.138048e-01
-1.042820e+00
-9.826379e-02
-1.349691e+00
1.602873e+00
5.821480e-01
-5.121383e-01
-8.495763e-01
3.252661e-02
-1.652148e+00
-8.553669e-01
-1.085362e+00
-5.269494e-01
-1.442415e+00
1.530125e+00
5.184388e-01
-4.105948e-01
-1.174569e+00
1.292280e-03
-1.417725e+00
-3.658545e-01
-2.201403e-01
-5.227700e-01
-1.037214e+00
2.040398e+00
1.105779e+00
-6.939624e-01
-1.151649e+00
1.864238e-01
-1.621472e+00
-6.222512e-01
-6.609965e-01
-5.989492e-01
-1.548174e+00
2.657656e+00
6.608513e-01
-5.956494e-01
-1.678615e+00
-4.732852e-02
-7.866038e-01
3.853970e-01
1.749073e-01
5.616223e-01
-3.095322e-01
1.826336e+00
9.290239e-01
-7.314732e-01
-6.307371e-01
-2.898635e-01
-1.766351e+00
-8.278352e-01
-8.880986e-01
-9.448674e-01
-1.510079e+00
2.756662e+00
5.650420e-01
-3.841975e-01
-1.632317e+00
-1.850142e-01
-1.534488e+00
-3.472286e-01
-5.319043e-01
-5.219498e-01
-1.164909e+00
2.989760e+00
9.713713e-01
-1.907298e-01
-1.264233e+00
1.853124e-01
-4.091221e-01
-1.875278e+00
-7.694449e-01
-3.452196e-01
-9.163684e-01
1.653638e+00
-1.080392e+00
-7.403764e-01
-9.794087e-01
-1.465632e-01
-1.389077e-01
-1.714727e+00
-8.192483e-01
-5.109216e-02
-6.870723e-01
6.893021e-01
-1.255174e+00
-2.994536e-01
-6.349667e-01
1.423089e-01
1.474017e+00
-6.876808e-01
5.519082e-01
5.227956e-01
4.977701e-01
-8.045633e-01
-1.200200e+00
1.139593e+00
1.026486e+00
1.329693e+00
-2.508533e-01
-1.784675e+00
-8.848547e-01
-2.492831e-01
-7.465227e-01
1.085957e+00
-1.210163e+00
-3.997268e-01
-7.432025e-01
1.687997e-02
6.003988e-01
-1.046230e+00
4.384463e-01
7.696701e-02
-2.046044e-01
1.727384e-01
-1.224650e+00
4.392070e-01
4.679380e-02
7.443102e-01
-1.354740e+00
-7.400616e-01
-8.695556e-01
-8.755128e-01
1.342511e+00
3.919693e-01
-2.633263e-01
-1.018882e+00
-6.626789e-01
9.352048e-02
-1.486699e+00
-7.317062e-02
-4.954126e-01
-1.147191e+00
1.848873e+00
1.241596e+00
1.759423e-01
-1.296521e+00
-7.668787e-01
6.410699e-01
-9.059659e-01
6.279715e-01
2.404250e-01
-2.574143e-01
1.234760e+00
1.827276e+00
-6.877595e-02
-6.313676e-01
-3.259846e-01
1.121653e+00
-6.924486e-01
-2.504663e-01
-6.495497e-01
2.103590e-01
4.136341e-01
8.260076e-01
-4.991214e-01
-9.354604e-01
-5.598818e-02
7.005510e-01
-7.363421e-01
-2.648728e-03
-5.490202e-01
2.695576e-01
7.079612e-02
9.673816e-01
-2.335673e-01
-9.202941e-01
-3.237173e-01
-7.599861e-01
-1.349587e+00
-5.655967e-01
-9.683833e-01
-1.831287e-01
2.528838e+00
6.051051e-01
-1.643521e-01
-1.564892e+00
-8.046592e-01
1.720361e-01
-1.253556e+00
-8.075053e-01
-8.647816e-01
-4.015558e-01
1.953821e+00
4.638014e-01
-3.897564e-01
-1.539247e+00
-9.928510e-01
-7.908931e-02
-1.897049e-02
3.635708e-01
3.005521e-01
6.548347e-01
2.324856e-01
9.784146e-01
-3.152643e-01
-2.068522e-01
1.562239e-01
3.269560e-01
2.737498e+00
-1.071587e-01
8.395546e-01
2.192155e+00
1.516147e+00
-1.027276e+00
1.534430e+00
2.031605e+00
2.898012e+00
-5.070003e-01
2.279092e+00
-9.719782e-03
5.829534e-01
1.696311e+00
7.375277e-01
-1.286484e+00
1.285748e+00
1.614973e+00
2.075860e+00
2.470516e-01
4.240569e+00
1.556608e+00
2.779978e+00
3.962646e+00
2.700830e+00
-4.905991e-01
3.090256e+00
3.378311e+00
4.221812e+00
6.588167e-01
1.290731e+00
-6.805969e-01
2.831723e-01
1.231739e+00
4.077246e-01
-9.113299e-01
-3.605964e-02
5.147516e-01
1.573988e+00
-4.888537e-01
2.165609e+00
-1.980931e-01
9.175248e-01
2.062184e+00
6.267325e-01
-1.103023e+00
8.431306e-01
1.445979e+00
2.296790e+00
1.035360e-01
9.950273e-02
-1.539859e+00
-4.781240e-01
-4.519928e-01
-7.672545e-01
-6.758419e-01
2.580350e-01
-3.021505e-01
6.512195e-02
-8.680198e-01
3.052651e-01
-1.168742e+00
-2.327799e-01
3.020089e-01
-5.459598e-01
7.163976e-01
4.076011e-01
-2.583124e-01
6.650763e-01
-1.432741e+00
3.054600e+00
1.832542e+00
2.556680e+00
2.913195e+00
2.035180e+00
6.450117e-02
1.169509e+00
2.189966e+00
3.469054e+00
-2.337723e-01
2.664757e+00
5.358309e-01
1.325309e+00
2.366211e+00
1.732221e+00
-4.817211e-01
5.771372e-01
1.930236e+00
2.668265e+00
7.801704e-01
-1.122813e+00
-8.439745e-01
-5.625922e-01
-3.024339e-01
-1.469708e+00
1.863145e+00
-2.638579e-01
-5.223896e-01
-6.660170e-01
-6.904889e-01
-2.337595e-01
1.408620e-02
-2.263255e-01
-9.214336e-01
7.610620e-01
6.998364e-01
-6.918038e-01
-9.354522e-01
-5.804385e-01
8.946977e-02
-5.459993e-01
-5.846681e-01
-4.043716e-01
-1.176117e+00
5.860296e-01
8.302942e-01
-8.324049e-02
-1.452279e+00
-8.996822e-01
5.169082e-01
-2.724483e-01
-3.794461e-01
-6.471957e-01
-1.109045e+00
2.012826e+00
6.799812e-01
1.634570e-01
-1.099127e+00
-9.079241e-01
-1.599399e-03
-5.677671e-01
-5.560405e-01
-6.949630e-01
-1.194410e+00
1.772096e+00
4.511464e-01
-1.245083e-01
-1.200917e+00
-9.577598e-01
-1.145897e-01
-8.593704e-01
-4.283227e-01
-7.126202e-01
-9.988753e-01
4.789180e-01
-5.781322e-01
-1.264122e-01
-7.098807e-01
-4.801135e-01
2.164988e-02
7.751575e-01
4.937893e-02
2.671699e-01
-4.340135e-02
-8.266321e-01
-1.053688e+00
-4.483650e-01
1.705557e-01
8.873388e-01
-8.436095e-01
1.120345e+00
2.905391e-01
8.663573e-01
4.031003e-01
-1.117865e+00
-5.360576e-01
-7.390989e-01
5.206082e-01
1.094473e+00
6.949150e-02
-7.426119e-01
-1.900757e+00
-8.588506e-01
-8.831713e-01
-1.262570e+00
-2.049468e+00
-5.094230e-01
-1.729835e+00
-1.391359e-01
-3.270632e+00
6.386647e-01
1.225039e-01
-1.790888e-01
-3.240885e-01
1.231206e-01
-1.674743e+00
-6.650737e-03
1.760448e-01
5.255888e-01
-1.249080e+00
6.338507e-01
5.543449e-02
-2.580658e-01
-3.163249e-01
1.035237e-01
-1.590135e+00
-1.218035e-02
1.596723e-01
4.178109e-01
-1.367756e+00
-2.446593e-01
-1.123754e+00
-4.180667e-01
-6.572907e-01
8.146086e-01
-7.790421e-01
1.944575e-01
-4.373883e-01
-1.978352e-01
-5.477191e-01
1.232211e-01
-2.157800e-01
3.689399e-01
2.189286e-02
-8.062563e-02
4.735253e-01
-2.729892e-01
-1.036391e-01
6.474592e-01
5.702994e-01
5.717183e-01
-7.082752e-01
1.233815e-01
-1.700339e-01
-3.565264e-01
-6.065964e-01
2.617838e-01
7.703827e-02
7.514320e-01
-2.962964e-01
2.194682e-01
-1.023452e+00
2.168466e-01
-2.162162e-01
-5.832702e-01
-8.240182e-01
7.003385e-02
-2.338205e-01
5.212905e-01
-3.379594e-01
7.975763e-01
5.775960e-01
9.711042e-01
5.648784e-01
-3.881903e-01
7.215966e-01
5.649766e-02
6.018157e-01
1.248051e+00
8.742840e-01
-3.851121e-01
8.048463e-01
1.496317e-01
1.399188e-02
5.584246e-01
1.958110e+00
6.896297e-01
-8.331790e-02
1.281130e-01
1.482220e+00
-2.254587e-01
-4.058459e-01
-4.467470e-02
-3.964343e-01
8.812535e-01
-2.348806e-01
5.710263e-01
-1.156477e-01
4.238809e-03
8.011165e-03
-2.117446e-01
9.977557e-01
8.543518e-01
3.216355e-01
6.270503e-01
1.723576e+00
5.695320e-01
1.761033e-01
3.369684e-01
1.388349e+00
3.156984e-01
1.036268e+00
1.009734e+00
5.888264e-01
1.191336e+00
1.161788e+00
7.774581e-01
4.246364e-01
9.421474e-01
1.585471e-01
-3.976179e-01
-5.712616e-01
-3.761966e-01
-5.267489e-01
7.871948e-01
-5.314366e-02
2.916981e-01
-1.857985e-01
-2.013943e-01
6.040740e-02
-2.293428e-01
-3.514325e-01
1.379030e-01
1.383904e-01
2.385442e-01
4.191504e-01
-2.877362e-01
-5.356101e-01
-5.727434e-02
3.697006e-01
-1.495184e-01
1.467810e-01
5.463386e-01
5.927649e-01
-1.051975e-01
5.550685e-01
-7.130777e-02
-3.522051e-01
2.081199e-03
8.457265e-01
-1.007658e+00
-7.864910e-01
-4.403959e-01
-6.935298e-01
1.131170e+00
-2.902777e-01
-2.437387e-01
-1.466769e+00
-9.072284e-01
-5.125592e-01
-1.134454e+00
-6.809870e-01
-1.344780e+00
-2.113766e-01
1.704178e-01
-7.337744e-01
-3.237450e-01
-2.139231e+00
-7.384530e-01
-2.835366e+00
-1.897049e-02
3.635708e-01
3.005521e-01
6.548347e-01
2.324856e-01
9.784146e-01
-3.152643e-01
-2.068522e-01
1.562239e-01
3.269560e-01
2.750644e+00
6.299369e-01
1.424381e+00
2.287730e+00
1.316930e+00
-1.110499e+00
1.747501e+00
1.954943e+00
2.768141e+00
-1.524222e-02
2.896687e+00
6.106106e-01
1.377995e+00
2.354003e+00
1.614881e+00
-1.021094e+00
1.559273e+00
2.140766e+00
2.700520e+00
4.267909e-01
3.790038e+00
1.624013e+00
2.467273e+00
3.698848e+00
2.493693e+00
-4.274728e-01
2.510238e+00
3.102797e+00
3.521144e+00
1.838654e+00
2.656854e+00
3.160757e-01
1.199274e+00
2.178347e+00
1.265575e+00
-1.512320e+00
1.818441e+00
1.854580e+00
2.905918e+00
-1.396961e-01
1.570706e+00
-4.358126e-01
6.024672e-01
8.484203e-01
1.481309e-02
-6.876336e-01
1.665136e+00
8.086760e-01
1.657638e+00
-7.645356e-01
8.053737e-01
-7.339492e-01
4.837933e-02
1.980320e-01
-3.580310e-01
-7.699842e-01
1.038786e+00
2.872455e-01
6.874864e-01
-8.377846e-01
1.957885e+00
2.358348e-02
1.035071e+00
1.308392e+00
4.415087e-01
-1.598465e+00
1.753116e+00
1.334573e+00
1.812045e+00
1.179070e-02
2.465307e+00
6.349951e-02
1.349358e+00
1.657927e+00
6.234917e-01
-5.891592e-01
2.541766e+00
1.438073e+00
2.651195e+00
-6.713529e-01
1.901034e+00
-1.882585e-01
8.606714e-01
1.355453e+00
2.819020e-01
-7.584580e-01
2.024631e+00
1.041386e+00
2.120705e+00
-8.024196e-01
-1.963743e-01
-1.151342e+00
-1.406127e-01
-5.534769e-01
-6.176669e-01
1.165236e+00
-5.477678e-01
-4.371961e-01
-5.267674e-01
-8.096393e-01
2.391830e-01
-4.314092e-01
2.318915e-01
2.873255e-01
-1.935641e-01
1.166803e+00
1.184860e-01
-1.754318e-01
3.403061e-01
-2.665768e-01
-1.582857e-01
-7.055230e-01
-2.475463e-03
1.946718e-01
-5.688185e-01
2.090815e-01
-1.407547e-01
-7.308935e-01
1.063846e-01
-1.833948e-01
8.515078e-01
1.769055e-01
6.409951e-01
1.280841e+00
6.740051e-01
3.245159e-01
1.081106e+00
6.348370e-01
7.455071e-01
1.004244e-01
1.308470e+00
4.691183e-01
1.156651e+00
1.493858e+00
1.220244e+00
4.759346e-01
6.276250e-01
8.587793e-01
1.282560e+00
-6.100930e-01
-3.760387e-01
-2.930612e-01
-2.093279e-02
5.634426e-01
-6.986098e-01
2.103359e-01
6.934210e-01
-8.321991e-01
-1.964830e-01
6.577269e-01
-1.184234e+00
-6.742533e-01
-5.259272e-01
-4.463494e-01
-1.390896e+00
8.508189e-01
2.527432e-01
-2.469343e-01
-7.825679e-01
-1.594760e-01
-7.143559e-01
-5.499998e-01
-5.178253e-01
-1.243256e-02
-1.132186e+00
1.479967e+00
1.418322e-01
-5.657095e-01
-3.495430e-01
-8.442618e-02
-7.635601e-01
-5.024175e-01
-2.377456e-01
1.210774e-03
-1.154250e+00
1.125583e+00
-6.074322e-02
-4.272764e-01
-3.475146e-01
-3.959252e-01
-1.116120e+00
2.352394e-01
-5.347379e-02
-4.235328e-01
-5.897174e-01
1.087137e+00
1.705881e+00
-2.558585e-01
-6.550788e-01
-4.261256e-01
-1.009359e+00
-1.868729e-01
-4.180575e-01
-4.907960e-01
-8.503976e-01
5.400113e-01
6.816928e-01
-5.349708e-01
-8.205299e-01
-2.488809e+00
-2.983607e-01
2.761371e-01
5.350354e-01
-5.305549e-02
-3.627675e-01
7.503150e-01
7.283431e-01
-5.947654e-02
-3.197189e-01
-5.775320e-01
-3.982130e-01
4.359506e-02
3.208779e-01
-5.176869e-01
-6.595780e-01
1.421191e+00
5.535357e-01
4.654890e-01
-2.807666e-01
4.610061e-01
-6.400560e-01
-1.153760e-01
2.051933e-01
-7.933898e-01
-7.695115e-01
1.850284e+00
4.506354e-01
3.908564e-01
-4.507779e-01
1.346960e-01
6.356203e-01
-9.829345e-01
2.730916e-01
-4.211188e-03
-2.454452e-01
7.673364e-01
-1.287444e+00
7.552330e-01
-4.029745e-02
7.421269e-01
9.648164e-01
-8.703240e-01
2.509686e-01
3.995950e-01
4.676612e-02
-5.596688e-01
-1.339317e+00
4.170066e-01
4.290957e-01
1.025192e+00
1.450150e+00
-6.089985e-01
6.022539e-01
7.651886e-01
3.046258e-01
-9.863577e-01
-1.601772e+00
9.713846e-01
8.231980e-01
1.428029e+00
1.697187e+00
-5.218919e-01
7.060986e-01
8.638850e-01
3.665414e-01
-6.290609e-01
-1.683990e+00
9.726103e-01
9.571236e-01
1.763463e+00
6.309544e-01
-1.079342e+00
2.712057e-01
-1.660985e-01
-1.318710e-01
-9.166667e-03
-1.227510e+00
7.479344e-01
1.780886e-01
6.549465e-01
-7.853827e-01
-2.266828e-01
-9.287156e-02
-4.855770e-01
2.710509e+00
-1.167350e-01
1.650806e+00
-1.153524e-01
-5.720265e-01
-1.672407e-01
2.885727e+00
2.264823e-01
1.651587e+00
2.064940e+00
1.064758e+00
-9.664435e-01
2.965199e+00
1.884876e+00
3.118100e+00
-9.432906e-01
3.702456e-01
6.626475e-01
1.442466e-01
9.394954e-02
1.302815e+00
1.184290e+00
-2.338297e-01
-1.147988e-01
-2.512224e-01
1.651035e-01
-3.060179e-02
8.937903e-02
-3.933826e-01
-4.860942e-01
1.496310e+00
1.140118e+00
-5.971622e-01
-6.884169e-01
-5.740631e-01
5.382846e-02
2.842669e-02
-1.869880e-02
-4.220370e-01
-6.682110e-01
1.849156e+00
1.721031e+00
-2.891425e-02
-1.042910e+00
-9.488474e-01
4.804984e-01
8.345653e-01
1.109149e+00
2.110264e-01
2.650630e-01
7.325410e-01
9.789026e-01
2.251262e-02
3.406070e-01
-9.692101e-03
1.361990e-01
-9.023876e-02
-4.117733e-01
-6.284821e-01
-6.497973e-01
1.599468e+00
1.151378e+00
1.332730e-01
-8.924517e-01
-5.945478e-01
5.320130e-01
5.090830e-01
5.930527e-02
-5.090600e-01
-7.462595e-02
-8.911612e-02
-1.444845e+00
6.625686e-01
1.687400e-01
7.127029e-02
-7.972083e-01
6.467989e-01
3.739938e-01
-3.075801e-01
-1.336091e-02
-2.867699e-01
-1.159928e+00
4.954464e-01
3.197173e-01
2.224634e-01
-5.842832e-01
1.341170e+00
5.395874e-01
1.072003e+00
6.941310e-01
-1.310600e+00
-5.798931e-01
9.190368e-02
8.942904e-01
1.460810e+00
1.623354e-01
1.175575e+00
3.876443e-01
6.837100e-01
4.967746e-01
-1.361354e+00
-8.783998e-01
6.965554e-02
6.862018e-01
1.102958e+00
-1.522004e-01
5.966587e-01
-1.471583e-01
-1.038575e-01
-1.718322e-01
-3.810562e-01
-1.368812e+00
3.923220e-01
1.471006e-02
5.147598e-01
-1.004274e+00
2.801073e-01
-9.392625e-01
-2.335170e-01
-1.203981e-01
1.264920e+00
-2.098889e-01
6.432142e-01
-1.101671e-02
2.316142e-01
-2.138079e-01
1.102287e+00
-4.393624e-01
6.562167e-01
2.868754e-01
-9.993475e-01
-4.505006e-01
6.098084e-01
4.608693e-01
1.018894e+00
2.000579e-01
8.306366e-01
-4.185071e-01
1.998288e-01
1.696673e-01
-6.002732e-01
-1.279249e-01
2.556672e-01
3.704014e-01
8.947528e-01
4.315629e-01
4.413154e-01
-6.206175e-01
3.490949e-01
1.610820e-01
6.270700e-02
3.502611e-01
-2.875455e-01
1.641177e-01
4.292710e-01
8.359775e-01
5.298759e-01
-3.904433e-01
1.514986e-01
1.649600e-01
1.700103e-01
5.548780e-02
1.180733e-01
2.952295e-01
6.953879e-01
3.964716e-01
8.260979e-01
-6.731378e-01
6.409581e-01
-6.066018e-02
1.621411e-01
9.391096e-01
-2.644474e-01
4.548060e-01
1.709027e-01
-3.231119e-01
-3.429623e-02
-7.042548e-01
2.753589e-01
-2.717307e-01
-3.114422e-01
4.754655e-01
-2.253941e-01
-3.816473e-01
-2.352143e-01
-1.165166e-01
1.132166e+00
-1.733188e-01
1.038206e+00
8.896979e-01
5.146614e-01
5.777408e-02
3.722232e-01
6.497285e-01
9.955981e-01
5.326594e-01
3.120079e+00
1.568966e+00
2.735216e+00
3.355535e+00
2.698773e+00
-8.904146e-01
6.055275e-01
2.674378e+00
2.864824e+00
8.737657e-01
1.941354e+00
8.154795e-01
1.606735e+00
1.994576e+00
1.663317e+00
1.238916e-01
-1.733070e-01
1.430752e+00
1.941430e+00
-1.949702e-01
-5.552659e-01
-7.553725e-01
-5.583636e-01
4.113398e-02
-8.315855e-01
2.861757e-01
7.124653e-01
-6.242817e-01
-4.577931e-01
6.309677e-01
-8.007356e-01
-4.597600e-01
-4.430133e-01
1.965170e-02
-8.822122e-01
6.809562e-01
9.812899e-01
-5.264685e-01
-4.785582e-01
3.009411e-01
-6.175551e-01
-2.097864e-01
-2.692081e-01
2.289957e-01
-7.506523e-01
5.730409e-01
1.111532e+00
-3.204796e-01
-1.974457e-01
5.225628e-01
-1.081494e+00
-5.683530e-01
-9.771255e-01
-5.494856e-01
-1.132752e+00
1.340630e+00
7.727266e-01
-9.089774e-03
-7.652127e-01
2.058346e-01
-1.497689e+00
-8.775535e-01
-1.071315e+00
-5.048745e-01
-1.140478e+00
2.587842e+00
3.116251e-01
-5.409264e-01
-9.334591e-01
8.697048e-03
-8.160614e-01
-2.337031e-01
3.097792e-01
-9.895313e-01
-6.756758e-01
1.971436e+00
5.752133e-01
3.160285e-01
-5.634283e-01
-1.730809e-01
3.446459e-01
5.643940e-01
9.365173e-01
3.780820e-01
9.177911e-02
1.250987e+00
7.648892e-01
2.557354e-01
2.687887e-01
1.634452e-01
-4.006541e-01
-7.105402e-02
1.223589e-03
-2.320520e-01
-4.155165e-01
1.080325e+00
1.007290e+00
1.686293e-01
-1.623554e-01
9.783767e-01
-9.389205e-01
-4.682095e-01
-2.239249e-01
-9.133435e-01
-1.095672e+00
1.830342e+00
3.343982e-01
1.166380e-01
-1.000655e+00
-2.565244e-01
-2.201787e-01
3.478931e-02
6.596513e-01
-4.703722e-01
-4.130785e-01
1.314285e+00
7.877105e-01
3.664373e-01
-1.370428e-01
5.911030e-01
1.231865e+00
-6.208923e-01
8.274250e-01
3.892750e-01
5.915397e-01
9.113037e-01
-8.282032e-01
8.232574e-01
7.646452e-01
1.206448e+00
1.503438e+00
-7.591659e-01
5.123582e-01
6.522373e-01
5.993899e-01
-6.322201e-01
-1.135043e+00
8.216201e-01
1.089487e+00
1.367741e+00
1.110990e+00
-8.067809e-01
4.919493e-01
3.892970e-01
3.658145e-01
-4.789017e-01
-1.027108e+00
8.454282e-01
7.348339e-01
1.104715e+00
1.474017e+00
-6.876808e-01
5.519082e-01
5.227956e-01
4.977701e-01
-8.045633e-01
-1.200200e+00
1.139593e+00
1.026486e+00
1.329693e+00
6.003988e-01
-1.046230e+00
4.384463e-01
7.696701e-02
-2.046044e-01
1.727384e-01
-1.224650e+00
4.392070e-01
4.679380e-02
7.443102e-01
2.705208e-01
1.330490e-01
7.049231e-01
2.837156e-01
2.779887e-01
9.419895e-01
8.830459e-02
4.399580e-01
1.399760e-01
1.009051e+00
-2.177751e-01
-3.033710e-01
2.936338e-01
-3.818979e-01
4.011303e-01
2.954325e-01
-4.952048e-02
-5.903467e-02
-3.768082e-01
4.897850e-01
1.350387e-02
-1.386099e-01
3.718239e-01
-1.189643e-01
-5.085226e-02
3.128375e-01
-1.517006e-01
1.665342e-01
-3.767338e-01
3.690824e-01
4.028455e-01
2.566596e-01
7.264367e-01
2.424576e-01
8.295447e-01
8.840806e-01
1.079097e-01
2.945877e-01
3.496619e-01
-5.799039e-01
-8.205478e-01
-5.722341e-01
-1.428134e-01
-5.990132e-01
1.304762e+00
2.446787e-01
5.338043e-02
-9.885087e-01
-9.584544e-01
2.110958e-02
-3.599538e-01
6.972218e-02
3.583656e-01
2.063816e-01
4.877458e-01
1.104038e+00
-3.473070e-01
-4.005613e-01
-3.631976e-01
5.867308e-01
-4.008079e-01
-1.075387e+00
-4.907965e-01
-5.131999e-01
7.680759e-02
-6.245693e-01
-1.153247e-01
-6.677671e-01
-3.663010e-01
-1.607381e-01
-1.098446e+00
-5.602813e-01
-3.862229e-01
-5.852761e-01
1.571861e+00
3.396341e-01
-1.446147e-01
-1.105830e+00
-8.361565e-01
-2.375580e-01
4.116052e+00
1.281657e+00
2.735259e+00
3.685168e+00
2.759235e+00
-4.945017e-01
2.740052e+00
3.260462e+00
3.895038e+00
1.418076e+00
3.871834e+00
1.022019e+00
2.267183e+00
3.118044e+00
2.591955e+00
-6.189008e-01
2.305457e+00
3.027722e+00
3.662598e+00
8.081004e-01
2.737498e+00
-1.071587e-01
8.395546e-01
2.192155e+00
1.516147e+00
-1.027276e+00
1.534430e+00
2.031605e+00
2.898012e+00
-5.070003e-01
4.328904e+00
1.840092e+00
3.028514e+00
3.834165e+00
2.901517e+00
-2.707670e-01
3.247708e+00
3.369964e+00
4.206311e+00
1.014807e+00
4.240569e+00
1.556608e+00
2.779978e+00
3.962646e+00
2.700830e+00
-4.905991e-01
3.090256e+00
3.378311e+00
4.221812e+00
6.588167e-01
3.131748e+00
3.295565e-01
1.799492e+00
2.285714e+00
1.214168e+00
-1.492855e+00
2.948028e+00
2.146179e+00
3.344477e+00
-2.926737e-01
5.095684e+00
2.492117e+00
4.296920e+00
4.105190e+00
3.946793e+00
-7.015963e-01
3.858304e+00
3.903982e+00
5.348867e+00
3.968320e-01
2.709593e+00
1.569898e-01
1.404032e+00
1.978829e+00
1.089345e+00
-1.921045e+00
2.532630e+00
2.024789e+00
2.650536e+00
8.267501e-02
4.182410e-01
-1.159127e+00
-5.402693e-01
1.665926e-01
-7.033582e-01
3.678368e-01
6.622323e-01
-1.249122e-01
6.577577e-01
-1.005347e+00
-1.301912e+00
-1.094391e+00
-8.069778e-01
-5.210338e-01
1.308616e+00
-1.962728e-01
-5.427539e-01
-1.620624e+00
-1.168506e+00
-3.372320e-01
1.922764e-01
-1.951865e-01
1.831876e-01
1.182331e+00
4.690947e-01
8.996504e-01
1.146578e+00
-1.755738e-01
3.683842e-01
-4.002102e-01
-2.511644e-01
1.842500e-02
-2.723961e-01
-9.549588e-01
8.747915e-01
1.171119e+00
-7.283698e-01
-1.171112e+00
-9.227623e-01
5.256104e-01
-5.456156e-02
-3.520738e-01
-3.056650e-01
-1.130494e+00
1.228881e+00
1.454998e+00
-2.105328e-01
-1.367758e+00
-9.652394e-01
4.428441e-01
-6.615906e-01
-5.880909e-01
-7.946457e-01
-1.628338e+00
2.104785e+00
6.069408e-01
-3.487300e-01
-1.750054e+00
-1.363954e+00
1.900649e-01
-1.654875e-01
-4.287564e-01
2.657314e-01
-7.325841e-01
9.236332e-01
1.178774e+00
-4.953198e-01
-1.226146e+00
-5.785136e-01
7.394798e-01
-8.219555e-01
-8.438719e-01
-7.262481e-01
-1.641215e+00
1.668419e+00
6.077882e-01
-4.325272e-01
-1.879392e+00
-1.330493e+00
7.178188e-02
5.005456e-02
-5.566530e-01
-2.211394e-01
-6.402826e-01
5.959616e-01
-1.577056e+00
-4.401616e-01
-3.210978e-01
-2.164551e-01
-1.415550e+00
6.212388e-01
-4.104549e-01
8.079168e-01
1.513297e-02
-1.379174e+00
-9.540182e-01
-9.852341e-01
3.001273e-02
9.622103e-01
-3.122957e-01
6.123453e-01
-1.965578e-01
5.392911e-01
-6.450276e-02
-1.264714e+00
-1.029713e+00
-8.882488e-01
-3.070790e-02
7.522332e-01
-6.305500e-01
6.576910e-01
-3.606950e-01
9.891648e-01
2.017623e-01
-1.011803e+00
-7.752436e-01
-9.294530e-01
1.944355e-01
6.453938e-01
-5.994223e-01
7.245854e-02
-9.475438e-01
7.797738e-02
-5.219898e-01
-6.700242e-01
-1.450646e+00
-2.570211e-01
-3.424622e-01
1.455404e-01
-9.217079e-01
-5.855304e-01
-1.655904e+00
-5.843252e-01
-8.513977e-01
1.576639e+00
-7.468077e-01
-3.856160e-01
-9.949625e-01
-6.626748e-01
-8.954772e-01
2.404035e-01
-9.227818e-01
9.123151e-01
-1.126673e-01
-6.741143e-01
-1.520615e-01
-1.329252e+00
-4.191002e-01
3.421279e-01
-2.739021e-01
-5.792908e-01
-1.373881e+00
-3.146035e-01
-9.136444e-01
5.013256e-01
-5.323078e-01
-4.487439e-01
-1.010979e+00
-3.356419e-01
-4.770245e-01
-3.913637e-02
-1.133580e+00
5.147239e-01
-4.275876e-01
-1.881488e-01
-4.077170e-01
-9.621734e-01
-8.179191e-01
2.025477e-01
-5.468487e-01
2.911758e-01
-1.269970e+00
1.940649e-01
-5.213803e-01
-4.825433e-01
-1.184548e+00
-5.698727e-02
-4.097188e-01
3.203171e-01
-5.397331e-01
-5.921113e-01
-1.066055e+00
-5.968223e-01
-9.720423e-01
1.120585e+00
-8.315788e-01
4.751370e-01
-4.783619e-01
-7.289711e-01
-1.483928e+00
-6.242330e-01
-1.200261e+00
-7.909626e-01
-9.091098e-01
-1.376083e-01
-1.051411e+00
1.143225e-01
-4.845764e-01
-6.484737e-01
-3.431174e-01
2.041199e-01
-1.116938e+00
-2.841227e-01
-8.518313e-01
-9.987410e-01
-1.251552e+00
2.105758e-01
-6.101850e-02
-3.561568e-01
-6.484358e-01
-1.187469e+00
2.477596e-01
1.307427e-01
-9.193242e-01
2.775276e+00
9.404030e-01
3.731049e-01
-9.663825e-01
-9.822716e-01
-5.729382e-02
5.056352e-01
-8.066943e-01
1.356602e-01
-4.370121e-01
-9.421270e-01
-9.816462e-01
2.997201e-01
3.656966e-01
-5.377469e-02
-1.344731e-01
-1.035043e+00
-8.453872e-01
-8.266136e-01
6.081544e-02
4.175325e-01
5.785946e-01
-7.944391e-01
-1.455020e+00
-7.525157e-01
2.045136e-01
-9.372084e-01
-5.587215e-01
-6.913721e-01
-2.050780e-01
4.708387e-01
-5.986870e-02
-4.538813e-01
-1.154726e+00
-6.118815e-01
1.355470e-01
-1.393066e+00
-8.471619e-01
-8.336959e-01
-2.183143e-01
1.341291e+00
-2.047089e-01
-5.678886e-01
-1.688471e+00
-1.035762e+00
-3.724806e-01
-1.309926e+00
-1.021071e+00
-1.376108e+00
-6.956253e-01
1.339462e+00
-4.525782e-01
1.417363e-01
-1.685675e+00
-9.296391e-01
-4.868729e-01
2.905343e+00
3.637979e-01
1.351702e+00
2.740684e+00
1.501925e+00
-1.651209e+00
2.117416e+00
2.170082e+00
2.926170e+00
5.660852e-01
2.462814e+00
2.349118e-01
1.390702e+00
1.527228e+00
1.208839e+00
-8.226096e-01
1.093703e+00
1.945521e+00
2.106089e+00
4.227946e-01
2.693939e+00
4.643909e-01
1.445381e+00
2.474982e+00
1.519433e+00
-1.210058e+00
1.365596e+00
1.822171e+00
2.917713e+00
5.381095e-01
2.656854e+00
3.160757e-01
1.199274e+00
2.178347e+00
1.265575e+00
-1.512320e+00
1.818441e+00
1.854580e+00
2.905918e+00
-1.396961e-01
3.316681e+00
9.126637e-01
1.876037e+00
3.051732e+00
1.985723e+00
-1.220987e+00
2.389801e+00
2.403867e+00
3.425442e+00
9.337848e-02
2.083810e+00
-5.580927e-02
9.291018e-01
1.788960e+00
5.143035e-01
-2.062422e-01
2.695894e+00
1.149190e+00
2.482931e+00
-1.135852e+00
1.742508e+00
-4.977727e-01
3.946728e-01
1.310951e+00
1.813232e-01
-1.666894e+00
2.029955e+00
1.013364e+00
1.935954e+00
-8.374862e-01
3.954105e-01
-1.388074e+00
-5.316588e-01
-6.787784e-02
-8.078779e-01
-5.268894e-01
7.556103e-01
-1.721946e-01
5.821260e-01
-1.465659e+00
6.961963e-01
-1.099671e+00
-1.378799e-01
2.939234e-01
-6.364374e-01
-8.537039e-01
8.289080e-01
2.754755e-02
8.589992e-01
-1.602817e+00
3.614419e-01
-1.256903e+00
-6.611205e-01
2.674774e-01
-8.000544e-01
-4.954490e-01
3.451206e-01
-2.501602e-01
5.023683e-01
-9.288066e-01
-8.641988e-01
-1.031421e+00
-2.070106e-01
-4.228889e-01
-8.798152e-01
1.167941e+00
4.296621e-01
-1.019951e+00
-8.688733e-01
-2.225329e-02
-1.190217e-01
-4.965363e-01
1.382787e-01
8.589300e-01
-2.018921e-01
4.136371e-01
5.876515e-01
-5.619848e-01
3.595780e-01
-1.702767e-02
-3.316809e-01
-8.262727e-01
-4.446726e-01
4.476998e-02
-6.297011e-01
7.191873e-01
6.474210e-02
-9.000877e-01
-6.161878e-02
-1.552687e+00
-7.124751e-01
-1.168745e+00
-2.836854e-01
-2.415277e-01
-9.614880e-01
2.393298e+00
-9.014700e-02
-1.067109e+00
-6.910610e-01
-6.934139e-01
-1.126205e+00
-6.751073e-01
-5.516545e-01
3.559056e-01
-1.038379e+00
6.254028e-01
5.726585e-01
-1.020123e+00
-6.450571e-01
-3.338377e-02
-1.150177e+00
-6.727477e-01
-7.578705e-01
3.601139e-02
-1.189267e+00
8.456071e-01
6.731875e-01
-9.387191e-01
-6.730532e-01
1.839627e-01
-9.865243e-01
-2.939511e-01
-3.934442e-01
4.109495e-01
-8.472014e-01
9.076216e-01
1.037448e+00
-5.395280e-01
-4.986452e-01
3.733643e-01
-8.138853e-01
-5.954423e-01
6.620613e-02
3.970293e-01
-7.438899e-01
-2.011158e-02
7.464929e-01
-6.593074e-01
-4.899891e-01
6.135218e-01
-1.440045e+00
-7.760192e-01
-9.373786e-01
2.069487e-02
-1.234018e+00
2.014990e+00
4.176766e-01
-7.671817e-01
-7.565782e-01
3.436230e-02
-6.108214e-01
3.514299e-01
4.846347e-01
2.544718e-01
-3.670351e-01
1.588137e+00
1.206768e+00
-7.321858e-01
-4.787530e-01
1.903674e-01
-1.173059e+00
4.638450e-01
3.312005e-01
-2.975948e-01
-7.979501e-01
1.619845e+00
1.477225e+00
-1.729241e-01
-7.399545e-01
7.337020e-01
-1.002307e+00
9.870971e-02
3.122808e-01
5.883879e-02
-8.278157e-01
1.029413e+00
9.701564e-01
-7.746341e-01
-9.532677e-01
4.559891e-01
-1.024236e+00
5.263993e-01
4.279294e-01
1.013153e-01
-8.074309e-01
4.974956e-02
1.192315e+00
-6.502735e-01
-6.763468e-01
1.160043e+00
-1.470521e+00
-5.973426e-01
-7.674303e-01
-4.859661e-01
-1.485262e+00
8.989993e-01
7.150843e-01
-5.493580e-01
-1.592197e+00
4.953946e-01
1.418583e+00
-3.868098e-01
6.836305e-01
1.283732e+00
5.762191e-01
5.453139e-01
-1.162947e+00
1.327593e+00
6.620114e-01
1.801168e+00
6.961927e-01
-1.307236e+00
-1.734049e-01
5.771741e-01
-2.190986e-01
-1.092957e+00
-1.684671e+00
3.979526e-01
1.645494e-01
8.513115e-01
5.039907e-01
-1.482492e+00
-5.474515e-01
1.567242e-01
-3.488756e-01
-8.602270e-01
-1.953290e+00
4.821204e-01
-7.426045e-02
6.237890e-01
1.217398e+00
-7.303450e-01
6.164960e-01
9.731377e-01
2.731777e-01
-8.894924e-01
-1.333976e+00
1.142666e+00
6.807183e-01
1.510088e+00
8.753820e-01
-1.147538e+00
-6.936266e-03
8.505718e-01
-6.104799e-03
-6.951891e-01
-1.415935e+00
5.473377e-01
3.512187e-01
1.110332e+00
-1.062966e+00
3.018792e-01
-6.588786e-02
-4.380681e-01
3.194534e+00
1.508962e+00
1.578741e+00
-7.039031e-01
-8.830406e-01
6.685478e-01
6.374800e-01
-1.302576e+00
-3.161198e-01
-1.165263e-01
-7.460224e-01
-1.126444e+00
1.139865e+00
9.424173e-02
6.197281e-01
-9.171389e-01
-5.796163e-01
-4.942736e-01
-4.203171e-01
-1.358330e+00
1.105806e+00
9.080076e-01
-5.059464e-01
-1.373634e+00
-1.065930e+00
2.235030e-01
-3.806605e-01
-4.750514e-01
-3.188557e-01
-1.075500e+00
9.246466e-01
1.200290e+00
-3.937707e-01
-1.193981e+00
-8.104615e-01
3.482906e-01
-1.004106e-01
-2.711530e-01
-4.584170e-01
-8.011570e-01
1.928816e+00
9.771039e-01
2.776590e-01
-8.905222e-01
-6.079564e-01
-5.273203e-02
2.842669e-02
-1.869880e-02
-4.220370e-01
-6.682110e-01
1.849156e+00
1.721031e+00
-2.891425e-02
-1.042910e+00
-9.488474e-01
4.804984e-01
-7.251960e-02
-6.034492e-02
-1.276594e-01
-9.471886e-01
1.248961e+00
1.177290e+00
-1.754646e-01
-9.563614e-01
-7.244929e-01
2.096246e-02
-2.134501e-01
-4.649344e-01
-6.772664e-01
-7.355568e-01
1.079735e+00
-1.316118e+00
-3.541535e-01
-5.944720e-01
-5.240254e-01
-1.219303e+00
4.850441e-02
-6.856554e-01
3.597446e-01
-3.537875e-01
-3.727508e-01
-4.654378e-01
-1.180631e+00
-4.768840e-01
3.568601e-01
-4.425683e-01
1.355626e+00
1.952583e-01
1.394816e+00
8.911117e-01
-1.227032e+00
-1.272149e-01
-7.201879e-01
9.452211e-01
1.416559e+00
3.276716e-01
5.118784e-01
-2.164212e-01
3.959170e-01
3.737239e-02
-6.859153e-01
-8.075719e-01
-3.881626e-01
4.344692e-02
7.404317e-01
-6.489884e-01
2.204586e-01
-5.970448e-01
3.118245e-01
-9.967503e-02
-5.035391e-01
-3.757465e-01
-9.053861e-01
-2.432394e-01
5.723340e-01
-6.162182e-01
-4.228126e-01
-1.838041e+00
-7.380107e-01
-8.406455e-01
1.156211e+00
-1.082250e+00
-4.247354e-01
-7.495794e-01
-5.375626e-01
-1.139265e+00
2.194682e-01
-1.023452e+00
2.168466e-01
-2.162162e-01
-5.832702e-01
-8.240182e-01
7.003385e-02
-2.338205e-01
5.212905e-01
-3.379594e-01
4.612368e-01
-8.322857e-01
7.253638e-01
3.241858e-01
-6.284073e-01
-7.101506e-02
-6.370059e-01
8.089213e-02
9.503216e-01
2.714669e-02
-5.795302e-01
-9.265383e-01
-3.813259e-01
-7.301481e-01
6.981171e-01
1.141815e-01
-1.789463e-01
-8.726575e-01
-2.873194e-01
-9.679839e-01
-6.660477e-03
-1.173028e+00
3.735145e-01
-1.899076e-01
-4.425473e-01
-4.507877e-01
-8.198850e-01
-3.980572e-01
5.310251e-01
-5.166299e-01
1.143350e+00
-9.481656e-01
2.449566e-01
4.605432e-01
-4.199322e-01
-1.164756e+00
1.690442e+00
5.750206e-01
1.291406e+00
-9.424494e-01
4.900521e-01
-1.147957e+00
-2.656715e-01
-1.619176e-01
-7.874229e-01
-1.564875e-01
1.278890e+00
-7.860950e-02
5.838627e-01
-1.080590e+00
3.425914e-01
-7.953106e-01
1.283103e-01
7.582447e-01
-6.943671e-02
-1.761048e-01
-1.085062e-02
-1.344387e-01
6.846383e-01
-4.480216e-01
6.949235e-01
-3.676482e-01
1.739528e-01
1.593931e+00
6.343028e-01
-7.169421e-01
-3.327510e-02
2.022411e-01
7.256975e-01
2.580791e-01
6.704019e-01
1.750998e-02
5.482650e-01
9.408161e-01
3.449171e-01
1.897112e-01
-5.867791e-01
8.652068e-02
1.017015e+00
-7.380399e-01
-2.263153e-01
-9.125807e-01
-3.922139e-01
3.288588e-01
-3.711345e-01
1.966063e+00
5.717762e-01
-7.294597e-01
-1.850452e-02
-4.452012e-01
-8.952973e-01
-1.448042e+00
-7.208154e-01
-4.843380e-01
-1.171369e+00
9.600814e-01
-2.516771e-01
-1.428354e+00
-5.978014e-01
-7.664845e-01
-1.153867e+00
-1.014978e+00
-6.123249e-01
-9.212332e-01
-1.226189e+00
2.456117e+00
3.266976e-01
-3.844036e-01
-1.093942e+00
-5.744517e-01
-1.023847e+00
-8.975461e-01
-9.699237e-01
-1.815473e-01
-1.141226e+00
8.473300e-01
6.427549e-01
-1.140142e+00
-8.303706e-01
-1.702459e-02
-3.585595e-01
-2.873999e-01
-4.455841e-01
8.702061e-01
-4.856611e-01
3.530585e-01
8.714118e-01
-1.199716e+00
-5.871992e-02
1.297103e-01
-1.042110e+00
-8.578479e-01
-1.574691e+00
1.624256e-01
-1.133286e+00
6.895779e-01
9.595805e-01
-9.021868e-01
-6.684094e-01
5.705280e-01
-9.746982e-01
-7.614552e-01
-1.107100e+00
1.315414e-01
-1.233811e+00
1.288277e+00
6.235635e-01
-1.084970e+00
-7.412560e-01
5.270480e-02
-1.681717e+00
-5.800715e-01
-6.398371e-01
-1.024910e+00
-1.312712e+00
2.247740e+00
8.322903e-01
-3.625748e-01
-1.428891e+00
4.847724e-02
-1.009359e+00
-1.868729e-01
-4.180575e-01
-4.907960e-01
-8.503976e-01
5.400113e-01
6.816928e-01
-5.349708e-01
-8.205299e-01
-2.488809e+00
-1.173424e+00
-8.444361e-02
-4.078538e-01
-6.368086e-01
-9.794866e-01
8.654982e-01
6.260517e-01
-5.913822e-02
-9.362534e-01
-2.253198e+00
-1.816205e+00
-6.952122e-01
-6.956228e-01
-1.124587e+00
-1.526659e+00
1.910916e+00
5.886526e-01
-8.660019e-02
-1.608520e+00
-3.094730e-02
-1.865038e+00
-7.348581e-01
-6.401288e-01
-1.122336e+00
-1.540870e+00
2.276390e+00
5.529488e-01
-2.000328e-01
-1.572803e+00
-1.471481e-01
-2.039328e-01
-1.221538e+00
-3.341891e-01
-2.860081e-01
-7.695382e-01
1.340904e+00
-1.204354e+00
1.323170e-01
-6.780979e-01
-3.319232e-03
6.356203e-01
-9.829345e-01
2.730916e-01
-4.211188e-03
-2.454452e-01
7.673364e-01
-1.287444e+00
7.552330e-01
-4.029745e-02
7.421269e-01
-2.227121e-01
-1.571043e+00
-1.004121e+00
-3.893012e-01
-7.894878e-01
-3.240859e-01
-1.379161e+00
5.264490e-01
-6.152637e-01
-9.901837e-02
1.434515e-01
-1.625570e+00
-6.392245e-01
1.050036e-01
-5.757322e-01
-1.058021e+00
-1.271608e+00
3.618773e-02
-2.951430e-01
2.293848e-01
-2.144446e-01
-1.456310e+00
-6.418573e-01
-5.792938e-01
-8.953214e-01
6.737990e-01
-1.521587e+00
5.787760e-01
-7.517524e-01
-1.933113e-03
-1.291137e+00
1.217314e-01
-2.639753e-01
-7.183569e-01
2.677566e+00
1.373962e+00
1.273878e+00
-8.731957e-01
-1.212458e+00
6.656463e-01
-8.370049e-01
-9.578423e-01
-6.650579e-01
-7.629044e-01
3.996880e-02
-5.032839e-01
2.884896e-01
-4.093794e-01
-5.956622e-01
-1.622842e-01
-1.334530e+00
2.858919e-02
-3.818262e-01
-6.489438e-01
1.772040e+00
1.532582e+00
-1.645302e-02
-1.006417e+00
-6.647304e-01
4.324569e-01
-1.623270e+00
-8.173142e-01
-1.084291e+00
-1.395643e+00
1.940399e+00
2.114649e-02
5.083541e-01
-1.562397e+00
-9.885917e-01
-2.804642e-01
-1.364667e-01
-6.879827e-01
-1.755046e-01
-1.367676e-01
-3.233764e-01
-2.953044e-01
1.709063e-01
-3.461992e-01
-1.122654e-01
3.084910e-01
-1.168100e+00
-8.735735e-01
-9.842580e-01
-9.043727e-01
1.526274e-01
-7.057121e-01
-1.279075e-01
-1.273962e+00
-8.461900e-01
-2.881601e-01
-7.363421e-01
-2.648728e-03
-5.490202e-01
2.695576e-01
7.079612e-02
9.673816e-01
-2.335673e-01
-9.202941e-01
-3.237173e-01
-7.599861e-01
-7.767933e-01
-1.330721e-01
-3.055665e-01
3.067327e-01
8.770557e-01
6.540678e-01
-7.819077e-01
-1.090630e+00
-4.418240e-01
7.722999e-02
-1.309926e+00
-1.021071e+00
-1.376108e+00
-6.956253e-01
1.339462e+00
-4.525782e-01
1.417363e-01
-1.685675e+00
-9.296391e-01
-4.868729e-01
2.880782e+00
3.416025e-01
1.403519e+00
2.705430e+00
1.757465e+00
-1.023755e+00
1.682272e+00
2.044434e+00
3.055737e+00
1.327747e-01
2.737498e+00
-1.071587e-01
8.395546e-01
2.192155e+00
1.516147e+00
-1.027276e+00
1.534430e+00
2.031605e+00
2.898012e+00
-5.070003e-01
1.898026e+00
-6.828642e-01
2.929525e-01
1.339763e+00
6.234261e-01
-1.617114e+00
9.962491e-01
1.177864e+00
1.935055e+00
-2.349229e-02
2.652664e+00
1.031341e-01
1.146131e+00
2.101714e+00
1.456212e+00
-1.215304e+00
1.513981e+00
1.881677e+00
2.401845e+00
2.400893e-01
3.057689e+00
4.545523e-01
1.559808e+00
2.752290e+00
1.701154e+00
-1.161228e+00
2.117432e+00
2.251122e+00
2.959802e+00
1.563828e-01
9.709504e-01
-1.118850e+00
6.820739e-02
5.046484e-01
-5.528458e-01
-4.528263e-01
1.278762e+00
1.984995e-01
1.189782e+00
-1.325927e+00
8.636143e-01
-1.082859e+00
-4.079315e-02
1.688523e-01
-6.226444e-01
-1.377582e+00
1.313310e+00
3.266828e-01
9.731372e-01
-9.652266e-01
1.253201e+00
-7.451084e-01
1.895810e-01
5.288557e-01
1.781076e-01
-1.439579e+00
2.286281e-01
7.037769e-01
1.312972e+00
-8.183251e-01
-2.038795e-01
-4.719962e-01
2.777887e-01
2.876638e-01
-2.065805e-01
1.704248e+00
7.401580e-01
-5.696515e-01
1.318018e-01
-7.518401e-01
6.127629e-02
-7.969438e-01
-4.010273e-01
-8.086617e-01
2.285056e+00
1.560467e+00
5.931027e-01
-1.269397e+00
-9.398510e-01
5.823346e-01
6.108149e-02
-4.808035e-01
-4.652660e-01
-7.957253e-01
2.093225e+00
1.625066e+00
6.157794e-01
-1.156477e+00
-8.969612e-01
5.119706e-01
1.519113e-01
-4.633565e-01
-5.442846e-01
-9.509015e-01
1.935836e+00
1.486815e+00
7.953480e-01
-1.167107e+00
-9.713708e-01
4.998421e-01
5.630054e-03
-5.989292e-01
-4.916254e-01
-9.906130e-01
1.225489e+00
1.656824e+00
5.181692e-01
-1.139284e+00
-1.046537e+00
6.161623e-01
-2.882006e-01
-6.529740e-01
-8.296247e-01
-1.138982e+00
3.613343e+00
1.081938e+00
6.052133e-01
-1.330558e+00
-1.028959e+00
-2.063990e-01
-6.245652e-01
-1.195818e+00
-5.317147e-01
-8.210163e-01
6.321603e-02
-7.428098e-01
-9.572984e-01
-8.808527e-01
-3.392399e-01
-7.523629e-01
-5.605546e-01
-1.218792e+00
-5.119122e-01
-7.784793e-01
1.375923e-01
-6.619033e-01
-6.690328e-01
-7.818913e-01
-4.174608e-01
-4.503386e-01
-9.539364e-02
-8.250317e-01
-1.248123e-01
-4.917771e-01
-3.291988e-01
-5.404938e-01
-9.281750e-01
-4.667014e-01
6.547924e-02
-5.036535e-01
4.716501e-01
-1.327758e-01
-2.855052e-01
-3.627214e-01
-1.001565e+00
-1.212640e+00
-1.361442e-01
1.578884e-01
1.781307e-01
-7.386817e-01
-6.198537e-01
-1.173981e+00
-7.890695e-01
-1.003642e+00
1.780907e-01
-1.253565e+00
-4.840012e-01
-1.005131e+00
-5.467082e-01
-1.156566e+00
-1.889308e-02
-1.219080e+00
7.609505e-02
-2.876767e-01
-6.642126e-01
-7.133363e-01
-1.871502e-01
-4.075463e-01
1.061914e-01
-3.983940e-01
1.107470e-01
-7.965086e-01
2.578074e-01
-2.207190e-01
-1.413017e-01
-2.878089e-01
3.646442e-01
-2.600579e-01
3.337497e-01
-1.822424e-01
-1.708536e-01
-1.013948e+00
1.075636e-01
-1.819282e-01
-3.875926e-01
-3.949846e-01
-6.441518e-01
-2.833574e-01
2.853750e-01
-4.133799e-01
-4.214454e-01
-1.423745e+00
-3.578510e-01
-7.968300e-01
1.454557e+00
-7.409198e-01
8.737367e-02
-7.320571e-01
-9.737594e-02
-8.177597e-01
-3.338400e-01
-1.353193e+00
-2.519129e-01
-5.704691e-01
1.491688e+00
-4.922241e-01
2.765161e-02
-6.263404e-01
-1.629731e-01
-6.500254e-01
-7.853827e-01
-2.266828e-01
-9.287156e-02
-4.855770e-01
2.710509e+00
-1.167350e-01
1.650806e+00
-1.153524e-01
-5.720265e-01
-1.672407e-01
-7.841166e-01
-5.556755e-01
-8.985093e-01
-5.876511e-01
7.305223e-01
-4.499639e-01
1.129546e+00
-4.248256e-01
-2.053953e-01
-1.330952e-01
-6.638748e-01
1.397883e+00
5.710622e-01
2.881457e-01
1.459233e+00
2.448696e+00
1.436630e+00
1.865004e-02
1.455220e-01
1.395348e+00
-1.272028e+00
-6.248994e-01
-4.651497e-01
-8.220564e-01
7.846250e-01
2.248138e-01
4.402933e-01
-5.511634e-01
-1.172555e+00
-6.915887e-02
-1.544825e+00
-5.755635e-01
-9.188864e-01
-1.020049e+00
2.403225e+00
-3.583898e-01
1.281827e+00
-9.691261e-01
-8.228033e-01
-4.142600e-01
-1.290789e+00
-1.151916e+00
-1.160105e+00
-1.174373e+00
1.899304e+00
-1.042149e+00
3.376482e-01
-1.149143e+00
-1.031492e+00
-6.195026e-01
-1.806080e+00
-4.547492e-01
-9.201613e-01
-5.153406e-01
9.819573e-01
8.523567e-01
2.316159e-02
-1.676530e+00
-1.425419e+00
3.777200e-01
-1.529403e+00
-3.307171e-01
-7.847650e-01
-3.169933e-01
1.157322e+00
1.080101e+00
-3.666814e-01
-1.608900e+00
-1.256118e+00
3.470070e-01
-1.088026e+00
-7.552884e-01
-1.531912e+00
-3.793620e-01
-2.455364e-01
-4.166576e-01
1.471685e-01
-1.219127e+00
-7.411858e-01
1.098115e-01
-1.908639e+00
-7.616793e-01
-1.034702e+00
-8.023201e-01
1.375026e+00
5.474115e-01
-1.944261e-02
-1.820574e+00
-1.524559e+00
1.048770e-01
1.495433e+00
-7.369670e-01
2.161920e-01
1.126728e+00
5.269519e-01
-1.146869e+00
-6.490978e-02
8.272712e-01
1.667471e+00
-2.204484e-01
2.279092e+00
-9.719782e-03
5.829534e-01
1.696311e+00
7.375277e-01
-1.286484e+00
1.285748e+00
1.614973e+00
2.075860e+00
2.470516e-01
1.694679e+00
-2.625220e-01
1.938362e-01
1.527149e+00
5.903981e-01
-1.210224e+00
6.044905e-01
9.880724e-01
1.838805e+00
2.251306e-01
1.832419e+00
-3.911164e-01
4.748694e-01
1.166571e+00
5.280089e-01
-1.454866e+00
8.813612e-01
1.169109e+00
1.618171e+00
-4.591572e-01
8.080614e-01
-1.248961e+00
-3.586225e-01
9.609023e-02
-6.819661e-01
-1.321084e-01
9.318740e-01
6.052479e-02
8.980664e-01
-1.609369e+00
5.951434e-01
-1.378444e+00
-2.014861e-01
-3.856634e-02
-7.765252e-01
-3.483220e-01
5.071197e-01
-7.665721e-03
6.282688e-01
-1.609294e+00
3.954105e-01
-1.388074e+00
-5.316588e-01
-6.787784e-02
-8.078779e-01
-5.268894e-01
7.556103e-01
-1.721946e-01
5.821260e-01
-1.465659e+00
6.961963e-01
-1.099671e+00
-1.378799e-01
2.939234e-01
-6.364374e-01
-8.537039e-01
8.289080e-01
2.754755e-02
8.589992e-01
-1.602817e+00
4.358043e-01
-1.526628e+00
-5.696407e-01
-9.840989e-02
-8.046382e-01
-1.560133e-01
5.801114e-01
-1.125464e-01
5.826458e-01
-1.518134e+00
-1.350975e-01
-3.932955e-01
3.360534e-01
4.520097e-01
-3.225793e-01
2.057056e+00
4.889125e-01
-5.548107e-01
3.527991e-01
-5.467339e-01
2.988817e-02
-1.217571e-01
7.058084e-01
2.649912e-01
-7.493994e-03
1.435750e+00
8.873414e-01
-1.831354e-01
1.855190e-01
-9.862802e-03
-1.069803e-01
-2.055563e-01
5.232267e-01
4.032192e-01
-3.244447e-01
1.766789e+00
3.753143e-01
-5.835076e-01
2.035088e-01
-3.145922e-01
-4.555248e-01
-6.326553e-01
3.235609e-01
-4.597572e-02
-4.478719e-01
1.586930e+00
5.108331e-01
-5.976307e-01
-4.812649e-01
-2.362088e-01
-1.646819e+00
-6.386842e-01
-9.703312e-01
-5.276291e-01
-1.375587e+00
1.670316e+00
7.866083e-01
-3.612840e-01
-1.273625e+00
1.475356e-01
-1.631064e+00
-7.598420e-01
-9.169497e-01
-4.070613e-01
-1.229701e+00
1.559573e+00
6.964685e-01
-6.653383e-01
-1.064994e+00
4.257290e-02
-1.615846e+00
-6.565187e-01
-8.704614e-01
-4.030557e-01
-1.170709e+00
1.544433e+00
9.003398e-01
-3.737765e-01
-1.019030e+00
1.693244e-01
-1.539583e+00
-7.777063e-01
-9.165448e-01
-3.753974e-01
-1.268699e+00
9.903720e-01
9.277152e-01
-6.108932e-01
-1.212942e+00
2.597343e-01
-1.497689e+00
-8.775535e-01
-1.071315e+00
-5.048745e-01
-1.140478e+00
2.587842e+00
3.116251e-01
-5.409264e-01
-9.334591e-01
8.697048e-03
-1.338808e+00
3.753692e-01
-1.085608e-01
-5.697207e-01
-4.977599e-01
2.262019e+00
1.819305e+00
3.865612e-01
-7.034546e-01
3.789929e-01
-1.146878e+00
4.655274e-01
1.817180e-01
-6.618336e-01
-4.002251e-01
2.332636e+00
1.898009e+00
4.455384e-01
-5.405830e-01
5.298851e-01
-1.172423e+00
3.946687e-01
-3.851251e-02
-7.610774e-01
-5.135962e-01
2.308797e+00
1.928550e+00
7.601296e-01
-6.670125e-01
5.998708e-01
-1.172594e+00
4.756373e-01
9.404540e-02
-2.681859e-01
-1.714862e-01
1.046249e+00
2.054295e+00
-5.111010e-02
-4.711852e-01
8.593699e-01
-1.580209e+00
-3.125904e-01
-7.521307e-01
-8.464704e-01
-1.209453e+00
2.558362e+00
8.048683e-01
2.775463e-01
-1.195067e+00
1.424017e-01
6.356203e-01
-9.829345e-01
2.730916e-01
-4.211188e-03
-2.454452e-01
7.673364e-01
-1.287444e+00
7.552330e-01
-4.029745e-02
7.421269e-01
-4.118428e-02
-9.624359e-01
2.411473e-01
-2.123500e-01
-4.461490e-01
6.964075e-01
-8.491985e-01
-1.089555e-01
-4.204545e-01
9.257931e-02
-3.763642e-01
-1.225367e+00
-6.981913e-02
-6.403800e-01
-6.218483e-01
1.172626e+00
-5.646237e-01
-4.030352e-01
-6.610528e-01
-3.250778e-01
-2.336257e-01
-6.672119e-01
3.786028e-01
-1.855783e-02
-4.237783e-01
1.242819e+00
-4.002174e-01
-2.380855e-01
-5.820507e-01
4.900216e-02
-1.195595e-01
-1.129734e+00
-1.804452e-01
-3.745383e-01
-4.863880e-01
9.227305e-01
-8.722551e-01
1.338840e-01
-3.832256e-01
-9.352747e-03
2.704439e+00
2.974051e-01
1.561883e+00
2.020398e+00
1.277169e+00
-1.056088e+00
1.911755e+00
2.071759e+00
2.512230e+00
5.639839e-01
-7.560440e-01
-5.694695e-01
-9.289009e-01
-1.183160e+00
1.356377e+00
-3.814504e-01
-4.706811e-02
-8.537829e-01
-1.104458e+00
-8.526431e-02
-1.904976e-01
-1.261487e-01
-5.251762e-01
-8.802786e-01
1.800806e+00
1.107766e+00
9.020510e-03
-9.131466e-01
-8.551413e-01
1.355162e-01
3.479569e-01
1.076513e-01
-3.703384e-01
-7.647780e-01
7.690414e-01
1.583956e+00
1.413170e-01
-6.351272e-01
-7.157963e-01
7.742091e-01
-3.671914e-01
-4.450853e-01
-7.687262e-01
-1.052309e+00
2.507022e+00
7.402477e-01
3.099483e-01
-1.232760e+00
-9.302209e-01
-1.087745e-01
-7.447114e-02
1.378009e-01
-3.561097e-01
-6.803032e-01
1.174800e+00
9.899306e-01
3.918211e-01
-4.063385e-01
-5.975374e-01
3.733910e-01
-1.202889e-01
-4.848373e-01
-1.034435e+00
-7.858225e-01
6.348231e-01
-1.432988e+00
1.468774e-01
-3.219770e-01
-5.207908e-01
-1.242162e+00
2.979538e-02
-4.209630e-01
-5.201674e-01
-3.878489e-01
-3.933334e-01
-8.383628e-01
-8.447590e-02
-2.036499e-01
-1.638712e-01
-4.743666e-01
7.759387e-01
8.549954e-02
4.060022e-01
2.692536e-01
-1.363899e+00
-7.339866e-01
-3.167939e-01
6.945872e-01
7.193667e-01
8.582352e-02
3.125858e-01
-2.531760e-01
-3.482415e-01
-4.816898e-01
-8.515051e-02
-1.174684e+00
4.843315e-02
-1.030168e-01
8.558976e-02
-7.211271e-01
2.604986e-01
-1.481508e-01
-6.185496e-01
-4.376180e-01
5.902084e-01
-1.349773e+00
1.241571e-01
4.493197e-02
3.397602e-03
-1.092468e+00
-4.468195e-01
-9.732511e-01
-3.997340e-01
-6.290911e-01
1.864781e-01
-1.832682e-01
1.387570e-01
-5.733654e-01
-2.019229e-01
-2.797142e-01
-4.604336e-01
-1.072302e+00
-4.711847e-01
-6.504750e-01
3.478662e-01
-6.740913e-01
2.034683e-01
-5.496435e-01
-1.309909e-01
-3.287282e-01
-5.139284e-01
-9.844708e-01
-4.088206e-01
-5.572138e-01
7.123269e-01
-5.672489e-01
3.952911e-01
-6.474413e-01
-1.351385e-01
-3.317265e-01
3.075816e-01
-1.133590e+00
1.678737e-01
-3.257975e-01
6.863976e-01
-6.372976e-01
2.150403e-03
-3.662539e-01
2.879329e-01
-6.438904e-01
2.971490e-02
-1.350049e+00
-4.315650e-01
-8.122419e-01
5.098489e-01
-1.134624e+00
-1.040574e-01
-5.450176e-01
-1.905917e-02
-9.993598e-01
3.750362e-02
-6.856057e-01
1.053896e-01
-4.965973e-01
1.708688e+00
-4.384146e-01
6.601531e-01
5.180003e-02
-2.638589e-01
-2.443671e-01
-9.143487e-01
-7.543422e-01
-1.709910e-01
-7.789729e-01
1.629588e+00
-6.827717e-02
7.100165e-01
-1.171522e-01
-1.065906e+00
-2.802025e-02
-5.256079e-01
-8.795589e-01
-5.927803e-01
-5.630136e-01
1.535378e-01
-2.193893e-01
3.583467e-01
-2.403067e-01
-5.570606e-01
-1.169908e-01
-6.933360e-01
-3.115380e-01
-1.090272e-01
-4.684955e-01
1.177498e+00
4.818195e-01
9.947010e-01
-6.807981e-02
-6.580812e-01
2.406414e-01
-9.455603e-02
-6.454857e-01
-7.222819e-03
-4.598374e-01
7.194005e-01
-1.725088e-01
7.528135e-01
2.022724e-01
-4.317044e-01
2.146311e-01
-1.364667e-01
-6.879827e-01
-1.755046e-01
-1.367676e-01
-3.233764e-01
-2.953044e-01
1.709063e-01
-3.461992e-01
-1.122654e-01
3.084910e-01
-4.008079e-01
-1.075387e+00
-4.907965e-01
-5.131999e-01
7.680759e-02
-6.245693e-01
-1.153247e-01
-6.677671e-01
-3.663010e-01
-1.607381e-01
-6.610621e-01
-5.399422e-01
-1.301046e-01
-3.679747e-01
6.912855e-01
2.136125e-01
1.593473e-01
-8.048509e-01
-5.444168e-01
-1.551649e-01
-7.756753e-01
-2.943930e-01
1.775706e-02
-1.044065e-01
2.921405e-01
6.522040e-01
8.327427e-02
-6.814145e-01
-5.810824e-01
5.709632e-01
-1.134454e+00
-6.809870e-01
-1.344780e+00
-2.113766e-01
1.704178e-01
-7.337744e-01
-3.237450e-01
-2.139231e+00
-7.384530e-01
-2.835366e+00
1.943253e+00
-1.911066e-01
7.758546e-01
1.220756e+00
7.373580e-01
-1.303982e+00
1.138567e+00
1.398178e+00
2.057069e+00
-2.824582e-01
2.050595e+00
-2.349360e-01
7.348703e-01
1.376696e+00
8.056972e-01
-1.366590e+00
1.026873e+00
1.489675e+00
2.023755e+00
2.149925e-01
2.672605e+00
3.731711e-01
1.494542e+00
1.914375e+00
1.353549e+00
-9.847865e-01
1.547484e+00
2.019008e+00
2.477335e+00
6.578663e-01
2.462814e+00
2.349118e-01
1.390702e+00
1.527228e+00
1.208839e+00
-8.226096e-01
1.093703e+00
1.945521e+00
2.106089e+00
4.227946e-01
9.383838e-01
-9.041425e-01
2.983201e-01
2.684140e-01
-4.011216e-01
8.155450e-04
1.211505e+00
3.023657e-01
1.084029e+00
-1.051614e+00
8.522199e-01
-9.837669e-01
3.477393e-02
1.483235e-01
-4.647729e-01
1.311436e-01
1.194628e+00
3.573865e-01
9.667685e-01
-1.220867e+00
6.796444e-01
-1.012626e+00
1.768030e-01
-2.399620e-02
-5.457855e-01
-2.288917e-01
7.479846e-01
2.134982e-01
6.812668e-01
-1.088638e+00
1.013796e+00
-8.092717e-01
3.718224e-01
3.830292e-01
-2.796768e-01
-1.303573e-01
1.264766e+00
3.367137e-01
1.118724e+00
-8.577951e-01
8.655592e-01
-8.904171e-01
1.048483e-01
2.691885e-01
-3.963840e-01
-5.554463e-01
1.190944e+00
3.954633e-01
9.764124e-01
-6.600153e-01
2.956176e-01
-4.593607e-01
4.468897e-01
6.865458e-01
-5.681377e-03
-1.121829e-01
3.368557e-01
1.271718e-01
3.685934e-01
2.035642e-01
6.013543e-01
-6.177392e-01
3.067737e-01
5.488730e-01
1.562326e-01
-2.553142e-04
1.200372e-01
1.132573e-01
6.278208e-01
-3.389939e-01
8.296464e-02
-6.116729e-01
9.123317e-02
8.036465e-02
-2.494687e-01
8.550813e-01
5.887101e-01
-1.788279e-01
3.478623e-02
-3.011047e-01
1.045500e+00
9.373270e-02
1.033453e+00
1.492055e+00
1.007652e+00
-2.659981e-01
3.381357e-01
8.128518e-01
1.116768e+00
6.659919e-01
6.237060e-01
-3.577326e-01
6.283488e-01
5.670878e-01
4.586896e-01
6.521107e-01
6.639568e-01
3.104179e-01
6.744895e-01
-6.180980e-01
-1.311631e+00
-7.338303e-01
-3.879771e-01
-6.559938e-01
-1.245488e+00
2.474646e+00
2.408592e-01
-2.237614e-01
-7.772316e-01
-5.399038e-01
-1.409691e+00
-7.640788e-01
-7.076191e-01
-6.336493e-01
-1.286436e+00
9.837971e-01
4.562808e-01
-1.483327e-01
-1.070084e+00
1.042867e-02
-1.467658e+00
-9.234728e-01
-5.483912e-01
-6.930530e-01
-1.506554e+00
1.060617e+00
-6.197856e-04
-3.937394e-01
-1.035300e+00
-3.475407e-01
-1.372916e+00
-8.588470e-01
-5.240746e-01
-4.784624e-01
-1.379043e+00
4.767512e-01
3.145778e-01
-4.393922e-01
-9.582099e-01
1.682074e-01
-1.141883e+00
-7.593740e-01
-2.950512e-01
-3.293054e-01
-1.265954e+00
6.850551e-01
2.127401e-01
-4.533144e-01
-7.648160e-01
1.360206e-01
-7.033285e-01
-2.648867e-01
-1.186891e-01
-5.643526e-01
-6.713554e-01
1.162382e+00
7.248173e-01
1.139970e-01
-5.598431e-01
-2.284703e-01
-6.811921e-01
-2.079169e-01
-4.939181e-02
-5.049237e-01
-7.339297e-01
1.164120e+00
8.036139e-01
-8.648639e-02
-6.346089e-01
-1.941803e-01
-8.410213e-01
-8.498726e-03
-1.304552e-01
-7.679317e-01
-7.778324e-01
1.103817e+00
1.220631e+00
1.594591e-01
-6.220395e-01
4.307832e-01
-9.029091e-01
-5.127263e-01
-5.109678e-02
-1.230054e+00
-1.012168e+00
2.269832e+00
3.028957e-01
2.929171e-01
-6.037919e-01
-2.077406e-01
-1.508333e+00
-7.083752e-01
-4.626891e-01
-1.453685e+00
-1.377931e+00
2.787589e+00
4.891094e-01
9.229429e-02
-1.113418e+00
-1.737637e-01
5.437083e-01
-8.542032e-01
4.656182e-01
-1.188346e-01
-1.579874e-01
4.527166e-01
-9.222902e-01
4.199485e-01
1.602141e-01
6.154287e-01
8.501022e-01
-9.324734e-01
6.398650e-02
5.616556e-01
-1.373489e-01
1.260984e-01
-1.614253e+00
1.219146e+00
1.267725e-01
1.148789e+00
4.902018e-01
-6.904264e-01
5.344971e-01
-1.560794e-01
-1.011263e-01
6.733710e-01
-6.854483e-01
4.049216e-01
1.963824e-01
5.245303e-01
4.996745e-01
-5.522584e-01
6.159798e-01
-7.346845e-02
-1.125243e-01
1.417334e+00
-7.461823e-01
5.009868e-01
9.631681e-02
5.884061e-01
3.921118e-01
-8.140376e-01
4.437227e-01
-1.438186e-01
-1.336355e-01
9.171937e-01
-5.742968e-01
2.183594e-01
9.366093e-02
5.117287e-01
-1.172153e-01
-1.110200e+00
-4.724283e-01
3.808596e-02
-4.163720e-01
1.678168e-01
-1.313574e-01
-6.160916e-01
7.589513e-02
-2.699488e-01
-8.037888e-01
-5.293095e-01
-1.136594e+00
-1.534078e+00
2.215650e+00
4.814017e-01
-2.466262e-01
-1.547336e+00
-1.421881e+00
-2.664722e-01
-1.901998e-01
2.934274e-02
-2.517073e-01
-9.009550e-01
8.830077e-01
1.096036e+00
-4.612656e-01
-1.037154e+00
-8.964840e-01
-1.016153e-01
-6.965906e-01
-4.108809e-01
-5.838403e-01
-1.282359e+00
1.541928e+00
3.938183e-01
-6.568330e-01
-1.482384e+00
-1.001724e+00
-2.828586e-01
-3.046351e-01
-1.004501e-01
-3.522071e-01
-9.679434e-01
1.437942e+00
1.228979e+00
-4.832625e-01
-1.119688e+00
-9.805908e-01
-1.869759e-01
-4.812254e-01
-1.301456e-01
-2.939311e-01
-1.251076e+00
8.531328e-01
6.972913e-01
-3.289399e-01
-1.373198e+00
-8.995182e-01
4.358679e-01
2.214295e-01
-4.162603e-01
-2.858108e-01
-5.115145e-01
6.657976e-01
-1.418204e+00
-9.997491e-02
-4.202843e-01
6.315452e-02
-1.537988e+00
2.876664e-01
-5.577787e-01
6.469135e-02
-2.804288e-01
-5.930407e-01
-8.947498e-01
-4.826279e-01
-2.890203e-01
5.011441e-01
-1.166302e+00
1.454420e-01
-8.996448e-01
-1.462002e-01
-6.525562e-01
-1.081552e+00
-1.075927e+00
-5.309852e-01
-5.009499e-01
3.243806e-01
-1.634920e+00
1.178040e+00
-3.068074e-02
1.275502e+00
6.191058e-01
-1.392376e+00
-4.832953e-01
-5.670797e-01
5.755650e-01
1.217103e+00
-2.273977e-02
7.867949e-01
-4.138576e-01
5.975773e-01
1.029307e-03
-7.854693e-01
-1.366689e+00
2.920621e-01
1.707695e-01
8.221943e-01
-1.022112e+00
3.379024e-01
-1.083949e+00
5.572630e-01
-6.303565e-02
-8.310913e-01
-5.095844e-01
-1.935369e-01
-1.791503e-01
6.553796e-01
-1.813853e-01
-2.716725e-02
-8.584339e-01
2.788135e-01
-1.963512e-01
-3.092113e-01
-1.152396e-03
-6.081081e-01
-4.080948e-01
3.376779e-01
-3.870944e-01
-5.807871e-01
-1.626869e+00
-5.560492e-01
-9.422203e-01
3.787125e-01
-9.184681e-01
-3.770988e-01
-1.202097e+00
-2.965886e-01
-7.873706e-01
3.075816e-01
-1.133590e+00
1.678737e-01
-3.257975e-01
6.863976e-01
-6.372976e-01
2.150403e-03
-3.662539e-01
2.879329e-01
-6.438904e-01
4.038095e-02
-9.489761e-01
1.471296e-01
-4.147834e-01
4.402128e-01
-2.109511e-01
1.873803e-01
-5.781938e-01
3.201617e-01
-2.085756e-01
-9.783511e-01
-1.182908e+00
-4.316932e-01
-1.182804e+00
1.731045e+00
-7.218165e-01
-2.515164e-02
-8.320012e-01
-1.098850e+00
-9.025928e-01
-5.921113e-01
-1.066055e+00
-5.968223e-01
-9.720423e-01
1.120585e+00
-8.315788e-01
4.751370e-01
-4.783619e-01
-7.289711e-01
-1.483928e+00
-9.907934e-01
-4.229176e-01
-5.408147e-01
-1.036555e+00
1.419952e+00
5.014722e-01
8.902840e-02
-8.970678e-01
-7.097177e-01
-2.766421e-01
-9.935134e-01
-8.201029e-01
-5.902259e-01
-9.337041e-01
6.069111e-01
-1.333930e-01
6.132768e-01
-5.053605e-01
-9.654373e-01
-3.202566e-01
-1.424413e+00
-8.495948e-01
-8.453662e-01
-1.254839e+00
2.278656e+00
-8.912022e-02
5.195374e-01
-1.156973e+00
-1.007613e+00
-5.206139e-01
7.768417e-02
-5.728943e-01
7.108933e-02
6.056372e-01
-1.454421e-01
1.161153e+00
7.549690e-01
-5.196312e-01
3.264295e-01
2.084033e-01
1.228455e+00
-8.451743e-02
3.940982e-01
1.918392e+00
1.100932e+00
-6.608150e-01
2.483624e-01
6.511044e-01
1.306973e+00
1.063917e+00
-3.102503e-01
-8.830303e-01
-5.728738e-01
4.595488e-01
-4.244340e-01
1.018067e+00
4.015486e-01
-9.139366e-01
-9.088978e-02
-1.804872e-01
-4.743455e-01
-1.078871e+00
-2.425607e-01
-2.455595e-01
-7.045623e-01
1.689552e+00
1.404035e-01
-1.020461e+00
-3.229059e-01
-4.511906e-01
-9.751878e-01
-1.147209e+00
-8.419522e-01
-3.838069e-01
-1.444129e+00
1.622118e+00
-1.072295e-01
-9.277475e-01
-7.445696e-01
-6.411525e-01
-8.570826e-01
-9.547056e-01
-6.163602e-01
-1.313348e-01
-8.695956e-01
1.241195e+00
9.183009e-01
-1.127771e+00
-8.344926e-01
-2.654032e-02
-7.714267e-01
-9.039928e-01
-5.895595e-01
-2.308181e-01
-8.884082e-01
1.291637e+00
8.015199e-01
-1.139295e+00
-7.524014e-01
6.877640e-02
-1.239434e+00
-1.414679e+00
-8.823075e-01
-5.418825e-01
-1.475339e+00
5.042921e-01
-6.197556e-02
-1.123761e+00
-1.070847e+00
-6.042061e-01
-1.344663e+00
-1.322684e+00
-9.504109e-01
-5.531770e-01
-1.520554e+00
9.792133e-01
3.899688e-02
-1.063601e+00
-1.097076e+00
-7.898525e-02
-1.429376e+00
-6.894739e-01
-5.049714e-01
-7.397900e-01
-1.383319e+00
1.535967e+00
9.910737e-01
-6.064031e-01
-1.286020e+00
-1.561809e-01
-1.510804e+00
-6.567566e-01
-4.690164e-01
-7.892391e-01
-1.546215e+00
8.269232e-01
8.976250e-01
-7.124597e-01
-1.346488e+00
4.277255e-03
-1.351568e+00
-8.895124e-01
-8.272175e-01
-8.391553e-01
-1.519166e+00
1.828815e+00
3.922507e-01
-4.089180e-01
-1.725154e+00
-6.545675e-02
-1.361764e+00
-1.379029e+00
-8.468426e-01
-1.109063e+00
-1.699117e+00
1.372985e+00
-1.174043e+00
-5.616495e-01
-1.394092e+00
-5.330460e-01
-1.338247e+00
-4.589798e-01
-6.588768e-01
-4.666024e-01
-1.345835e+00
3.174697e+00
8.190473e-01
-1.540797e-01
-1.399454e+00
7.064643e-02
-3.411433e-01
-1.403726e+00
-8.996750e-01
-1.420762e-01
-7.040502e-01
-2.602193e-01
-1.036372e+00
2.857671e-01
-6.503176e-01
9.185857e-02
8.501022e-01
-9.324734e-01
6.398650e-02
5.616556e-01
-1.373489e-01
1.260984e-01
-1.614253e+00
1.219146e+00
1.267725e-01
1.148789e+00
4.573845e-01
-1.287756e+00
-1.342967e-01
1.286851e-01
-5.296247e-01
-3.747623e-01
-1.635895e+00
6.929345e-01
-2.561076e-01
6.239141e-01
6.235535e-02
-1.463886e+00
-4.655106e-01
-4.617116e-01
-6.223548e-01
9.664153e-01
-1.548406e+00
5.513679e-01
-4.446762e-01
1.603341e-01
6.571863e-02
-1.558547e+00
-9.743409e-01
-8.547910e-02
-5.453821e-01
-2.923466e-01
-1.639574e+00
3.923020e-01
-4.685996e-01
2.561916e-01
-1.437682e+00
-1.165914e+00
-9.711048e-01
-1.331987e+00
1.694756e+00
-5.192094e-01
-7.471924e-02
-1.428324e+00
-1.415489e+00
-5.433429e-01
-7.882072e-01
-1.027521e+00
-7.499070e-01
-3.022012e-01
2.005915e-01
-4.665392e-02
-7.278752e-01
-1.164366e+00
-5.717199e-01
9.639165e-02
-9.234164e-01
-1.003086e+00
-7.052861e-01
-4.805339e-01
9.201971e-01
-4.749602e-01
-5.208528e-01
-1.432020e+00
-6.794276e-01
-4.934242e-01
-7.295965e-01
-1.525379e+00
-1.108511e+00
-5.818677e-01
-1.009731e+00
-1.359981e+00
-1.864561e-01
-1.033543e+00
-5.198768e-01
-3.531775e-01
-1.292639e+00
-1.248980e+00
-1.534360e+00
-9.065005e-01
7.657504e-01
-2.593909e-01
-6.711489e-01
-1.726111e+00
-1.101545e+00
-1.045987e+00
1.687211e+00
-5.132589e-01
5.427339e-01
8.310938e-01
5.438303e-01
-1.317212e+00
7.809224e-01
9.270734e-01
1.726249e+00
-5.764919e-01
1.889433e+00
-3.116216e-01
7.855236e-01
1.388084e+00
7.808306e-01
-1.148124e+00
5.645042e-01
1.123363e+00
2.084994e+00
-3.455103e-01
2.535482e+00
1.609426e-01
1.274164e+00
1.921568e+00
1.255321e+00
-9.635590e-01
1.269739e+00
1.724397e+00
2.678874e+00
2.241238e-01
2.060279e+00
-3.111492e-02
7.478431e-01
1.674309e+00
8.684217e-01
-9.918873e-01
4.487294e-01
1.415762e+00
2.022775e+00
5.884871e-01
1.999698e+00
-3.113776e-01
7.952372e-01
1.466555e+00
8.509926e-01
-1.346743e+00
9.209522e-01
1.185175e+00
2.171195e+00
-4.121850e-01
2.132437e+00
-2.841140e-01
1.015902e+00
1.371295e+00
4.217447e-01
-4.007582e-01
2.455163e+00
1.143144e+00
2.316922e+00
-1.067186e+00
3.499623e-01
-1.382375e+00
-3.714882e-01
-1.981669e-01
-7.360114e-01
-8.018711e-01
5.832871e-01
-1.561620e-01
3.762514e-01
-9.245447e-01
9.950273e-02
-1.539859e+00
-4.781240e-01
-4.519928e-01
-7.672545e-01
-6.758419e-01
2.580350e-01
-3.021505e-01
6.512195e-02
-8.680198e-01
2.032659e-01
-1.411324e+00
-5.810983e-01
-3.039113e-01
-7.229766e-01
-1.315602e+00
5.448448e-01
-1.398756e-01
1.444916e-01
-8.957248e-01
5.307901e-02
-1.542448e+00
-5.512162e-01
-4.332946e-01
-9.037744e-01
-1.951394e-01
4.227582e-01
-4.729569e-01
2.052159e-01
-1.422549e+00
1.694679e+00
-2.625220e-01
1.938362e-01
1.527149e+00
5.903981e-01
-1.210224e+00
6.044905e-01
9.880724e-01
1.838805e+00
2.251306e-01
-6.148829e-01
-9.039154e-01
-4.924287e-01
-8.120865e-01
1.618505e+00
5.893770e-01
2.021776e-01
-1.028276e+00
-4.442800e-01
2.980520e-01
8.382687e-02
-1.457743e-01
-1.977348e-01
-6.834476e-01
2.365338e+00
1.649148e+00
1.741430e-01
-8.908467e-01
-6.544934e-01
7.791010e-01
-2.162131e-01
-6.087355e-01
-1.329896e-01
-1.000432e+00
3.047114e+00
1.150515e+00
1.950317e-01
-1.250530e+00
-7.116723e-01
2.889448e-01
-9.698532e-02
-1.018603e+00
3.645914e-01
-7.182364e-01
1.211471e+00
1.639279e+00
-2.592894e-01
-1.288091e+00
-5.015143e-01
1.070573e+00
-2.807933e-01
-6.742205e-01
3.185970e-02
-9.791452e-01
2.118764e+00
9.404609e-01
-1.288589e-01
-1.403149e+00
-4.908390e-01
2.499351e-01
-3.184640e-01
-7.629393e-01
-1.089570e-01
-6.310775e-01
-2.962425e-01
-7.483466e-01
-1.045390e+00
-6.816775e-01
8.740751e-02
-1.045517e+00
-2.440642e-01
-7.884272e-01
-3.138781e-01
-8.377559e-01
1.205473e+00
-9.419050e-01
-2.047212e-01
-6.544149e-01
3.915733e-02
-1.040682e+00
1.179429e-02
-6.333909e-01
1.313953e-01
-4.245462e-01
-4.809414e-01
-5.268094e-01
-9.502386e-01
-4.645602e-01
4.316080e-01
-8.455795e-01
-7.426119e-01
-1.900757e+00
-8.588506e-01
-8.831713e-01
-1.262570e+00
-2.049468e+00
-5.094230e-01
-1.729835e+00
-1.391359e-01
-3.270632e+00
-3.420639e-01
-1.139516e+00
-3.342952e-01
-7.771511e-01
4.365789e-01
-1.183212e+00
-1.381644e-01
-7.133706e-01
1.844346e-02
-1.468336e+00
-1.109550e+00
-5.992501e-01
-3.019649e-01
-8.339482e-01
3.113427e+00
1.093811e+00
5.127869e-02
-1.167237e+00
-6.433665e-01
-1.565849e-01
-5.484409e-01
-6.287599e-01
2.636802e-02
-5.981833e-01
1.750514e-01
2.714925e-02
-7.937328e-01
-7.584154e-01
8.997111e-02
-6.302386e-02
-7.823337e-01
-1.046515e-01
4.277998e-01
-4.113658e-01
2.432208e+00
1.540223e+00
-2.091149e-01
-1.049540e+00
-1.435572e-01
7.136802e-01
-1.027120e+00
-3.909718e-01
1.438288e-01
-8.236235e-01
2.255903e+00
1.095109e+00
-2.426909e-01
-1.361159e+00
-3.162095e-01
1.395572e-01
-6.012882e-01
5.307078e-01
8.566714e-01
5.940164e-02
2.069644e+00
2.074849e+00
-1.242966e-01
-7.608452e-01
2.614644e-01
7.290041e-02
-5.921113e-01
-1.066055e+00
-5.968223e-01
-9.720423e-01
1.120585e+00
-8.315788e-01
4.751370e-01
-4.783619e-01
-7.289711e-01
-1.483928e+00
-1.273957e+00
3.933785e-01
-1.025457e-01
-6.788366e-01
3.673574e+00
1.705942e+00
1.246402e+00
-8.644074e-01
-6.710750e-01
6.748361e-01
-1.354680e+00
-7.947531e-02
-1.202880e+00
-9.989481e-01
2.098455e+00
1.295383e+00
7.917463e-01
-1.188984e+00
-5.608401e-01
-7.758716e-01
-1.500293e+00
-1.417302e-01
-8.062996e-01
-9.603946e-01
3.426688e+00
1.351438e+00
8.798177e-01
-1.288914e+00
-6.806313e-01
2.821793e-01
-1.087546e+00
-3.657812e-01
-9.515966e-01
-7.139499e-01
1.001976e+00
-9.086005e-02
1.036999e+00
-8.578659e-01
-3.094542e-01
1.190176e-01
-1.136162e+00
-4.328076e-01
-5.585666e-01
-1.420468e-02
1.266262e+00
7.386104e-01
-9.591115e-03
-1.441470e+00
-6.159271e-01
3.976860e-01
-4.251455e-01
4.708469e-01
-1.543693e-01
6.543590e-01
8.016496e-01
1.620939e+00
1.541273e-01
-6.893904e-01
-5.766854e-02
1.144181e+00
-7.279398e-01
-6.497745e-02
-6.154934e-01
5.939608e-01
1.673652e+00
1.129633e+00
-2.430635e-01
-1.245380e+00
-3.161157e-01
6.040722e-01
-1.122519e+00
-3.834291e-01
-4.355624e-01
-1.840022e-01
2.999181e+00
5.550105e-01
3.191250e-02
-1.391374e+00
-5.844257e-01
-8.172314e-02
-1.134454e+00
-6.809870e-01
-1.344780e+00
-2.113766e-01
1.704178e-01
-7.337744e-01
-3.237450e-01
-2.139231e+00
-7.384530e-01
-2.835366e+00
2.256581e+00
2.007756e-01
8.311548e-01
2.004225e+00
1.152860e+00
-8.889618e-01
9.850346e-01
1.605988e+00
2.440277e+00
1.487361e-01
1.958468e+00
1.174936e-01
7.746659e-01
1.629896e+00
9.172096e-01
-9.985534e-01
8.485449e-01
1.319181e+00
2.201519e+00
4.190804e-02
2.060279e+00
-3.111492e-02
7.478431e-01
1.674309e+00
8.684217e-01
-9.918873e-01
4.487294e-01
1.415762e+00
2.022775e+00
5.884871e-01
2.204791e+00
1.795634e-01
9.725785e-01
2.280291e+00
1.305043e+00
-8.864479e-01
7.995812e-01
1.618707e+00
2.533973e+00
1.583282e-01
1.502515e+00
-7.122998e-01
4.231457e-01
1.190193e+00
1.076790e-01
-2.793487e-01
1.702467e+00
5.637507e-01
1.761400e+00
-7.629741e-01
1.611871e-01
-1.184964e+00
-5.415262e-01
-2.063309e-01
-8.477924e-01
-1.078668e+00
5.931627e-01
-1.228459e-01
3.108234e-01
-7.434439e-01
4.182410e-01
-1.159127e+00
-5.402693e-01
1.665926e-01
-7.033582e-01
3.678368e-01
6.622323e-01
-1.249122e-01
6.577577e-01
-1.005347e+00
3.415810e-01
-1.375904e+00
-5.658843e-01
6.287412e-02
-8.542729e-01
8.249150e-02
7.263106e-01
-3.106271e-01
6.644530e-01
-1.413748e+00
1.032743e+00
-8.982182e-01
6.104663e-02
8.272702e-01
-2.719752e-01
-5.923092e-01
1.381110e+00
3.748894e-01
1.367979e+00
-9.963251e-01
-4.375160e-01
-6.664384e-01
-8.496635e-01
2.048258e-01
-5.451427e-01
9.952854e-01
5.592027e-01
-8.740287e-01
-6.146435e-01
-2.663930e+00
4.978377e-01
-2.238865e-01
1.774314e-01
1.380178e+00
5.310062e-01
2.789488e-01
6.655976e-01
1.596887e-01
6.207215e-01
6.706426e-02
-6.805390e-01
-1.002056e+00
-4.549009e-01
1.687349e-01
-9.750176e-01
2.280977e+00
1.870922e-01
-1.304180e+00
-3.248646e-01
-4.534246e-01
-6.130267e-01
-1.317135e+00
-4.311616e-01
-8.099984e-02
-9.346525e-01
2.548336e+00
1.086268e-01
-1.081012e+00
-4.128908e-01
-6.546964e-01
2.690558e-01
6.656753e-02
6.777293e-03
1.182175e+00
3.228786e-01
1.010151e+00
7.093204e-01
-1.921975e-01
6.875254e-01
-6.614527e-01
-9.608867e-01
-4.256058e-01
-8.505037e-01
3.424073e-01
-1.111435e+00
1.546813e+00
1.060397e+00
-5.142052e-01
-5.326569e-01
3.681423e-01
-6.408244e-01
-2.172991e-02
-4.359920e-01
5.802047e-01
-6.509912e-01
1.657671e+00
1.360672e+00
-2.783096e-01
-6.005939e-02
3.636876e-01
-8.455707e-01
-1.676487e-01
-5.683597e-01
2.316213e-01
-1.020648e+00
9.147957e-01
1.451393e+00
-1.034694e-01
-5.446983e-01
9.595313e-01
-5.154303e-01
-3.286497e-01
-5.835660e-01
4.999830e-01
-8.843544e-01
5.461961e-01
1.225411e+00
-6.961000e-01
-3.563716e-01
9.210455e-01
-9.218739e-01
-4.232796e-01
-1.258300e+00
2.336846e-01
-1.103247e+00
2.009841e+00
1.005059e+00
-1.081809e-01
-4.932545e-01
1.335852e-01
-1.200534e+00
-3.571708e-01
-5.479698e-01
-5.335099e-01
-9.844036e-01
3.765522e+00
1.055826e+00
3.322211e-01
-1.031618e+00
1.149520e-01
-1.113868e+00
-3.513551e-01
-5.020428e-01
-2.430220e-01
-9.668029e-01
1.784279e+00
1.091690e+00
-2.240926e-01
-1.199298e+00
5.559763e-01
-3.345725e-01
4.994463e-01
2.172619e-01
1.091891e+00
-1.789125e-01
1.734764e+00
1.400923e+00
-3.203264e-01
-4.225281e-01
3.213900e-01
-1.166407e+00
-4.785741e-01
-8.671863e-01
-3.201152e-01
-1.062309e+00
2.955586e+00
9.559799e-01
1.954151e-01
-1.284759e+00
7.045779e-02
-1.338247e+00
-4.589798e-01
-6.588768e-01
-4.666024e-01
-1.345835e+00
3.174697e+00
8.190473e-01
-1.540797e-01
-1.399454e+00
7.064643e-02
-3.411433e-01
-1.403726e+00
-8.996750e-01
-1.420762e-01
-7.040502e-01
-2.602193e-01
-1.036372e+00
2.857671e-01
-6.503176e-01
9.185857e-02
6.847957e-01
-1.249870e+00
-2.025267e-01
5.765964e-01
-2.559584e-01
-6.509894e-02
-1.677709e+00
5.872368e-01
1.554870e-02
1.135446e+00
-3.162408e-01
-1.694705e+00
-7.988436e-01
-3.426129e-01
-7.387119e-01
1.178078e+00
-1.519998e+00
2.378932e-01
-6.631684e-01
6.906808e-02
-2.822845e-01
-1.611054e+00
-9.627091e-01
-1.716082e-01
-7.237465e-01
1.209878e+00
-1.374335e+00
2.065830e-01
-6.468615e-01
1.697934e-01
3.708438e-01
-1.536708e+00
-6.149510e-01
2.540627e-01
-4.252506e-01
-3.430707e-01
-1.633799e+00
3.451047e-01
-1.424069e-01
6.353865e-01
2.368637e+00
1.151571e-01
9.110428e-01
2.429012e+00
9.660236e-01
-1.218234e+00
1.882056e+00
1.485928e+00
2.545275e+00
2.467456e-01
-1.450629e+00
-8.671479e-01
-1.217657e+00
-1.819713e-01
-1.153368e+00
1.627604e+00
5.140811e-01
-3.807886e-01
-7.683694e-01
-1.472857e-02
-2.831615e-01
-6.854376e-01
-1.352020e-01
-9.677456e-01
2.008565e+00
1.413796e+00
-1.992690e-01
-1.520481e+00
-9.431158e-01
6.902935e-01
-5.222292e-01
-4.777565e-01
-5.602901e-01
-1.039594e+00
3.153176e+00
1.000009e+00
-1.110792e-01
-1.283436e+00
-1.178757e+00
3.907275e-02
2.842669e-02
-1.869880e-02
-4.220370e-01
-6.682110e-01
1.849156e+00
1.721031e+00
-2.891425e-02
-1.042910e+00
-9.488474e-01
4.804984e-01
-5.049114e-01
-7.077221e-01
-4.248697e-01
-1.087345e+00
2.363139e+00
1.038559e+00
-2.492303e-01
-1.494087e+00
-9.696125e-01
1.070603e-01
-5.755569e-01
-7.157625e-01
-6.702169e-01
-1.171795e+00
3.081347e+00
9.209507e-01
7.580337e-02
-1.504834e+00
-1.042539e+00
1.018638e-01
-2.146870e-01
-1.046397e+00
2.303049e-01
-4.942218e-01
-5.381896e-01
-9.324534e-01
-1.006607e+00
-6.204243e-01
-7.480666e-03
-6.418819e-01
1.225531e-01
-7.388678e-01
-2.698527e-02
-4.074971e-01
-5.013677e-01
-1.191782e+00
-4.905361e-01
-3.640301e-01
1.853083e-01
-9.798147e-01
-2.126925e-01
-7.428508e-01
-1.753954e-01
-6.793225e-01
-7.914160e-02
-6.779205e-01
-1.164306e+00
-8.570918e-01
-2.115680e-02
-1.010040e+00
5.774217e-01
-4.596821e-01
8.161285e-01
9.733025e-02
-1.146478e+00
-7.403754e-01
-6.003425e-01
1.123746e-01
5.383489e-01
-1.927526e-01
7.245854e-02
-9.475438e-01
7.797738e-02
-5.219898e-01
-6.700242e-01
-1.450646e+00
-2.570211e-01
-3.424622e-01
1.455404e-01
-9.217079e-01
-4.940593e-01
-1.282224e+00
-5.899127e-01
-8.688841e-01
1.777156e+00
-5.769953e-01
1.474766e-01
-8.131922e-01
-2.386381e-01
-5.376221e-01
-4.898871e-01
-9.660247e-01
-2.753231e-01
-8.580356e-01
-4.830916e-02
-4.088273e-01
1.688072e-01
-8.647068e-01
-1.895944e-01
-1.598943e-01
-4.820733e-01
-1.258220e+00
-2.563014e-01
-9.129718e-01
2.870748e-01
-3.695843e-01
-2.943582e-01
-9.094096e-01
-1.593791e-01
-3.804800e-01
2.194682e-01
-1.023452e+00
2.168466e-01
-2.162162e-01
-5.832702e-01
-8.240182e-01
7.003385e-02
-2.338205e-01
5.212905e-01
-3.379594e-01
-3.996648e-01
-1.115192e+00
-1.549096e-01
-7.055640e-01
7.512443e-01
-2.132035e-01
1.263447e-02
-8.779169e-01
-1.502192e-01
-3.284816e-01
-1.252561e+00
-9.474315e-01
-6.851531e-01
-9.576203e-01
1.240654e+00
-2.823685e-01
3.525218e-01
-7.741266e-01
-1.258747e+00
-3.793195e-01
-1.331413e+00
-8.937148e-01
-7.161808e-01
-9.785526e-01
2.200656e+00
-7.159176e-02
2.734305e-01
-8.533533e-01
-1.365201e+00
-4.171312e-01
-1.055813e+00
-7.980798e-01
-3.951676e-01
-7.896374e-01
8.890361e-01
-3.844569e-01
3.795306e-01
-4.846584e-01
-1.148852e+00
-4.336093e-01
-1.272028e+00
-6.248994e-01
-4.651497e-01
-8.220564e-01
7.846250e-01
2.248138e-01
4.402933e-01
-5.511634e-01
-1.172555e+00
-6.915887e-02
-1.178171e+00
-8.760300e-01
-2.628260e-01
-9.099223e-01
2.650272e+00
8.876977e-03
1.286343e-01
-7.016706e-01
-1.372365e+00
-4.540659e-01
-1.036816e+00
-1.001748e+00
-1.239605e+00
-6.612538e-01
9.228899e-01
-5.006823e-01
3.135315e-01
-1.328724e+00
-8.100817e-01
-4.095819e-01
-1.024203e+00
-1.059853e+00
-1.143421e+00
-5.550711e-01
7.427292e-01
-4.805821e-01
-1.738826e-01
-1.523786e+00
-8.022443e-01
-2.936723e-01
-9.708172e-01
-1.008883e+00
-1.187522e+00
-4.650518e-01
4.826730e-01
-5.222246e-01
-2.466713e-01
-1.446810e+00
-7.587097e-01
-5.544737e-02
-1.309926e+00
-1.021071e+00
-1.376108e+00
-6.956253e-01
1.339462e+00
-4.525782e-01
1.417363e-01
-1.685675e+00
-9.296391e-01
-4.868729e-01
-1.300061e+00
-7.794005e-01
-7.906212e-01
-3.665548e-01
2.901770e+00
5.616223e-01
-2.712160e-01
-1.777187e+00
-1.085936e+00
4.014463e-02
2.172851e+00
-2.417202e-02
9.329464e-01
2.274831e+00
1.152910e+00
-4.429887e-01
9.699083e-01
1.329068e+00
2.215395e+00
2.517977e-02
2.156895e+00
-2.400196e-01
6.485459e-01
1.994505e+00
7.082695e-01
-1.268109e+00
1.684221e+00
1.328191e+00
2.331823e+00
-9.462779e-02
1.852630e+00
-4.987513e-01
2.478113e-01
1.854286e+00
5.996683e-01
-1.110673e+00
1.181856e+00
1.104203e+00
1.893866e+00
-4.242458e-03
2.190972e+00
-1.614460e-01
6.673083e-01
2.169087e+00
9.516796e-01
-9.276414e-01
1.320820e+00
1.493909e+00
2.108568e+00
5.337348e-01
1.502515e+00
-7.122998e-01
4.231457e-01
1.190193e+00
1.076790e-01
-2.793487e-01
1.702467e+00
5.637507e-01
1.761400e+00
-7.629741e-01
1.210080e+00
-9.016250e-01
2.191791e-01
9.658258e-01
-6.699563e-02
5.686113e-01
1.183662e+00
3.460828e-01
1.482637e+00
-1.074621e+00
1.524024e+00
-7.493518e-01
4.685119e-01
1.215356e+00
1.479067e-01
-1.120302e-01
1.570627e+00
6.382987e-01
1.837328e+00
-9.695879e-01
1.921444e+00
-5.341194e-01
7.324261e-01
1.531701e+00
3.486741e-01
-2.015105e-02
1.987357e+00
9.378240e-01
2.242807e+00
-7.736981e-01
1.530867e+00
-8.205427e-01
4.365476e-01
1.161389e+00
6.944434e-02
-1.720247e-02
1.845485e+00
6.282078e-01
1.850704e+00
-1.009919e+00
1.594852e-01
-2.451166e-01
6.053043e-02
1.033087e+00
5.975046e-03
1.164975e+00
7.629310e-01
-5.889669e-01
4.742142e-01
9.050242e-03
-4.375160e-01
-6.664384e-01
-8.496635e-01
2.048258e-01
-5.451427e-01
9.952854e-01
5.592027e-01
-8.740287e-01
-6.146435e-01
-2.663930e+00
7.835993e-01
2.378230e-01
2.394526e-01
2.053493e+00
7.894836e-01
6.280509e-01
1.626970e+00
2.144076e-01
8.034314e-01
1.310519e+00
-3.424797e-01
-9.234969e-01
-3.269858e-01
3.030916e-01
-6.581863e-01
2.045879e+00
3.257893e-01
-1.033595e+00
-2.054994e-01
-5.368475e-01
-3.489843e-01
-5.569626e-03
-5.779169e-01
1.220663e+00
5.683906e-02
1.501529e+00
1.655795e+00
-9.133537e-01
1.769557e-01
-9.966221e-02
-1.209110e+00
-6.210430e-01
-9.459127e-01
3.791115e-02
-9.991711e-01
2.657636e+00
8.688369e-01
-2.318464e-01
-5.111069e-01
1.483004e-01
-1.283950e+00
-7.899932e-01
-9.898907e-01
-7.681585e-02
-1.204754e+00
2.851851e+00
7.338917e-01
-3.866294e-01
-7.110864e-01
7.146970e-02
-1.355532e+00
-6.613122e-01
-9.026031e-01
-1.901234e-01
-1.240189e+00
3.229695e+00
8.223609e-01
-1.373801e-01
-7.080102e-01
-3.602478e-02
-1.396504e+00
-8.870610e-01
-1.003750e+00
-1.945740e-01
-1.289962e+00
2.047865e+00
7.003511e-01
-3.774043e-01
-8.597318e-01
3.652932e-01
-1.291807e+00
-2.548712e-01
-6.415572e-02
-7.459070e-01
-8.276163e-01
3.367411e+00
1.109292e+00
-2.052344e-01
-9.376974e-01
2.690589e-01
-1.215564e+00
-2.450320e-01
-2.957689e-01
-1.764273e-01
-8.846533e-01
1.768703e+00
1.088979e+00
-6.765247e-01
-1.094031e+00
3.258846e-01
-1.288860e+00
-1.325738e-01
-5.149013e-01
-3.816709e-01
-8.849367e-01
2.611568e+00
1.321344e+00
-1.283904e-01
-1.157987e+00
6.543826e-01
-1.197629e+00
-7.466747e-02
-7.948557e-02
-4.944668e-01
-7.777801e-01
2.770652e+00
1.360645e+00
8.423799e-02
-9.388134e-01
7.950752e-01
-1.557655e+00
-6.832184e-01
-4.706526e-01
-9.888449e-01
-1.343862e+00
1.631258e+00
5.813053e-01
-4.645422e-01
-1.287888e+00
-5.599574e-01
8.911065e-01
-8.997811e-01
5.800689e-01
9.049108e-01
1.109536e-01
1.275693e+00
-1.012381e+00
1.105202e-02
2.484003e-01
1.197407e+00
1.039242e+00
-8.515135e-01
5.953597e-01
9.820742e-01
1.873270e-01
1.151478e+00
-1.135554e+00
3.050349e-01
3.517867e-01
1.303039e+00
1.118710e+00
-9.405486e-01
5.485546e-01
1.017822e+00
2.000430e-01
9.791877e-01
-1.129162e+00
5.242386e-01
4.368065e-01
1.449952e+00
4.571964e-01
-1.463993e+00
-9.459140e-02
8.853065e-02
-3.023606e-01
6.463278e-01
-1.292062e+00
3.583713e-01
-2.129836e-01
5.257631e-01
8.371238e-01
-1.080983e+00
3.695269e-01
7.535865e-01
2.915000e-02
1.113646e+00
-1.149954e+00
2.247594e-01
1.310831e-01
1.068732e+00
1.961332e+00
-4.137607e-01
8.853135e-01
1.206056e+00
2.917847e-01
-1.238800e+00
2.054211e+00
9.716650e-01
2.085790e+00
-7.638866e-01
-2.891171e-01
-3.942459e-01
-4.547297e-01
-9.513582e-01
1.144466e+00
1.185994e+00
1.199011e-02
-1.212576e+00
-1.016925e+00
5.383633e-01
-4.218001e-01
-2.563198e-01
-6.020449e-01
-9.896374e-01
1.219053e+00
6.304377e-01
-4.575778e-01
-1.222051e+00
-8.812326e-01
3.731556e-04
-5.459993e-01
-5.846681e-01
-4.043716e-01
-1.176117e+00
5.860296e-01
8.302942e-01
-8.324049e-02
-1.452279e+00
-8.996822e-01
5.169082e-01
-1.277516e-01
1.791062e-01
-9.835658e-02
-6.422418e-01
6.299774e-01
1.064712e+00
-1.064421e-01
-7.362001e-01
-6.735966e-01
3.062103e-01
-5.738160e-01
-4.038693e-01
-8.561543e-01
-1.415082e+00
1.751951e+00
4.090943e-01
-1.099787e-01
-1.600727e+00
-1.061674e+00
-3.743512e-01
5.272902e-01
-3.852617e-01
3.464493e-01
-5.588976e-02
-1.171213e+00
-1.111823e+00
-1.836465e-01
4.924206e-02
5.983586e-01
-4.323647e-01
8.324102e-01
1.530677e-01
3.387011e-01
3.319463e-01
-1.026417e+00
-5.641803e-01
-3.394714e-02
4.347088e-01
9.420403e-01
-2.521615e-01
8.390702e-01
9.813045e-02
2.951685e-01
3.236737e-01
-8.661534e-01
-4.966193e-01
6.218875e-02
3.526956e-01
9.655859e-01
-1.897292e-01
4.716501e-01
-1.327758e-01
-2.855052e-01
-3.627214e-01
-1.001565e+00
-1.212640e+00
-1.361442e-01
1.578884e-01
1.781307e-01
-7.386817e-01
2.846399e-01
-4.984022e-01
-2.136972e-01
-4.972765e-01
7.720589e-02
-1.185995e+00
1.491488e-01
-2.311067e-01
2.634739e-01
-6.770875e-01
1.574803e-01
-1.242105e+00
-2.613122e-01
-4.508676e-01
5.991426e-02
-8.980464e-01
1.001420e-01
-2.046428e-01
1.461776e-01
-6.417871e-01
2.194682e-01
-1.023452e+00
2.168466e-01
-2.162162e-01
-5.832702e-01
-8.240182e-01
7.003385e-02
-2.338205e-01
5.212905e-01
-3.379594e-01
6.870061e-01
-5.134393e-01
7.202540e-01
2.185819e-01
-8.418092e-01
-4.149803e-01
7.567880e-02
1.947415e-01
8.639732e-01
2.707356e-01
4.076964e-01
-5.382598e-01
2.253710e-01
1.034330e-01
-4.001210e-01
-2.946222e-01
4.808767e-01
1.379281e-01
5.163397e-01
9.400234e-02
3.198921e-01
-9.208759e-01
2.617007e-01
-1.121645e-01
1.157814e-01
-6.942228e-01
3.329736e-01
-9.266549e-02
5.781855e-01
-1.389301e-02
1.558358e+00
-5.749550e-01
4.559153e-01
8.634221e-01
1.026015e-01
-1.277915e+00
1.884938e+00
7.598512e-01
1.677449e+00
-6.895867e-01
1.626193e+00
-4.861891e-01
7.151442e-01
8.394885e-01
4.794514e-02
-5.348406e-01
1.856929e+00
7.814755e-01
1.723289e+00
-1.097931e+00
-1.748287e-02
-9.021689e-01
2.205601e-01
-2.428272e-01
-4.145020e-01
9.630207e-01
-3.990794e-01
-5.757947e-01
-3.689564e-01
-9.361416e-01
8.372499e-01
-2.317931e-01
8.195512e-01
8.326373e-01
3.762473e-01
7.302316e-01
3.343459e-01
2.662441e-01
9.562296e-01
-5.478370e-01
2.454718e-01
-6.275051e-01
5.651276e-01
-1.487715e-01
-1.639968e-01
9.777452e-01
2.198086e-01
-1.031860e-01
-6.699511e-02
-6.215249e-01
8.091651e-01
-1.391815e-01
6.014661e-01
1.554426e+00
7.586081e-01
-3.739313e-01
7.605730e-01
5.593611e-01
6.649963e-01
8.339927e-01
1.031918e+00
1.579212e-01
8.385160e-01
1.497314e+00
1.025665e+00
3.831384e-01
4.644022e-01
6.629705e-01
9.924076e-01
-1.256020e-02
-1.052027e+00
-9.379784e-01
-3.804231e-01
-1.322714e-01
-1.242560e+00
3.464396e-01
-1.077626e-01
-7.733254e-01
-6.897010e-01
-4.943171e-01
-8.104523e-01
-1.138376e+00
-5.217484e-01
-2.868606e-01
-1.279008e+00
1.559189e-01
-3.294669e-01
-6.168626e-01
-6.970412e-01
-4.275292e-01
-3.789976e-01
-7.573681e-01
-1.043086e-01
3.573963e-01
-7.204822e-01
-3.454252e-01
2.797592e-01
-7.424099e-01
-2.887568e-01
3.353250e-01
-1.001506e+00
-7.476797e-01
-3.750294e-01
-4.874642e-02
-1.129451e+00
6.076682e-01
3.560840e-01
-8.481702e-01
-6.220523e-01
1.651296e-01
-1.213815e+00
-1.155815e+00
-6.226270e-01
-4.473275e-01
-1.519905e+00
1.311364e+00
-3.029025e-01
-7.530560e-01
-9.453898e-01
-6.971396e-01
-1.473839e+00
-2.567458e-01
-3.388893e-01
-7.815986e-01
-8.563829e-01
2.592474e+00
1.104587e+00
-1.415431e-01
-1.115515e+00
4.023062e-01
-3.864987e-01
6.051487e-01
9.348590e-01
-1.946447e-01
-6.669704e-03
9.149428e-01
1.361960e+00
-1.449054e-01
2.959898e-01
2.906273e-01
-1.580567e+00
-4.779759e-01
-5.255494e-01
-1.300658e+00
-1.374228e+00
1.550292e+00
7.919852e-01
-2.754159e-01
-1.261909e+00
5.235753e-01
-1.137115e+00
-5.898743e-01
-8.199176e-02
-1.261863e+00
-1.253211e+00
2.261746e+00
3.122726e-01
-2.305452e-02
-8.901603e-01
-2.694818e-01
-1.557655e+00
-6.832184e-01
-4.706526e-01
-9.888449e-01
-1.343862e+00
1.631258e+00
5.813053e-01
-4.645422e-01
-1.287888e+00
-5.599574e-01
6.356203e-01
-9.829345e-01
2.730916e-01
-4.211188e-03
-2.454452e-01
7.673364e-01
-1.287444e+00
7.552330e-01
-4.029745e-02
7.421269e-01
6.678286e-01
-1.085773e+00
4.720700e-01
-7.503809e-02
-1.018490e-01
2.381413e-01
-1.070280e+00
2.535332e-01
1.518590e-01
6.455948e-01
6.309544e-01
-1.079342e+00
2.712057e-01
-1.660985e-01
-1.318710e-01
-9.166667e-03
-1.227510e+00
7.479344e-01
1.780886e-01
6.549465e-01
6.433357e-01
-1.007168e+00
3.949543e-01
3.233541e-02
-1.820856e-01
-3.522127e-01
-1.129353e+00
6.665332e-01
2.130292e-01
6.470968e-01
6.003988e-01
-1.046230e+00
4.384463e-01
7.696701e-02
-2.046044e-01
1.727384e-01
-1.224650e+00
4.392070e-01
4.679380e-02
7.443102e-01
-8.586005e-01
-9.575937e-01
-4.466529e-01
-8.248000e-01
1.761917e+00
-8.403477e-01
5.692383e-01
-4.475530e-01
-1.006034e+00
-5.610672e-01
6.944693e-01
-5.348924e-01
1.439524e-01
-1.855811e-01
-5.159640e-01
-1.153582e+00
1.184204e+00
6.035381e-01
1.804918e-01
-1.444717e-01
-4.779446e-01
-5.439581e-01
-1.161121e-01
-4.153012e-01
5.908946e-02
-3.420403e-01
6.160977e-01
9.911365e-02
-5.311021e-01
1.514863e-01
4.955935e-01
-7.059684e-01
2.418837e-02
-2.666599e-01
-6.146901e-01
-9.589906e-01
7.881452e-01
5.191550e-01
1.046643e-01
7.776208e-02
-5.072059e-01
-6.011539e-01
-4.188244e-01
-3.935610e-01
4.677609e-01
-4.191140e-01
1.035351e+00
1.098299e-01
-4.730450e-01
2.773056e-02
-6.752339e-01
-5.474536e-01
-1.454247e-01
-1.683059e-01
7.077472e-01
3.871517e-01
-3.439252e-01
-8.886553e-01
-5.272421e-01
-2.383049e-01
-7.777073e-01
-4.269335e-01
-6.546392e-02
-3.267479e-01
7.369700e-01
4.694054e-01
-3.760700e-01
-9.592946e-01
-5.970581e-01
1.954700e-01
-1.001282e-01
-7.191950e-01
-1.249430e-01
-2.852177e-01
-7.769881e-01
-7.916023e-01
-1.651556e-02
-2.786069e-01
-2.283288e-01
4.597846e-01
-1.157747e+00
-7.380025e-01
-6.863818e-01
-3.202992e-01
8.853996e-01
2.053276e-01
-4.868411e-01
-1.484546e+00
-9.532272e-01
1.975117e-01
-9.639491e-01
-8.738160e-01
-3.736443e-01
-5.758547e-01
1.456556e+00
-1.803355e-01
-3.732834e-01
-1.312887e+00
-1.056290e+00
-5.174926e-01
3.339142e+00
5.896548e-01
1.814219e+00
2.632555e+00
1.923651e+00
-9.396679e-01
1.992335e+00
2.525001e+00
3.070029e+00
8.505067e-01
2.813369e+00
2.629369e-02
1.362544e+00
2.078699e+00
1.504421e+00
-1.251436e+00
1.557650e+00
2.109512e+00
2.568230e+00
3.378050e-01
3.603515e+00
9.283524e-01
2.086493e+00
2.937621e+00
2.209655e+00
-6.918171e-01
2.061296e+00
2.828174e+00
3.223055e+00
9.377835e-01
2.652664e+00
1.031341e-01
1.146131e+00
2.101714e+00
1.456212e+00
-1.215304e+00
1.513981e+00
1.881677e+00
2.401845e+00
2.400893e-01
2.571482e+00
-6.530911e-02
1.198315e+00
1.906740e+00
1.105939e+00
-1.529356e+00
1.847097e+00
1.812685e+00
2.437362e+00
-1.785085e-01
2.132437e+00
-2.841140e-01
1.015902e+00
1.371295e+00
4.217447e-01
-4.007582e-01
2.455163e+00
1.143144e+00
2.316922e+00
-1.067186e+00
8.147921e-01
-1.124159e+00
-1.231619e-02
1.552320e-01
-4.532436e-01
-1.169223e+00
9.919144e-01
2.284400e-01
9.301973e-01
-8.860209e-01
2.554389e+00
2.150561e-01
1.260299e+00
1.712188e+00
1.356206e+00
-1.001373e+00
1.428467e+00
1.697721e+00
2.692619e+00
-1.428042e-01
-1.231947e+00
-7.227905e-01
-1.199149e+00
-5.192258e-01
-1.229772e+00
2.225802e+00
9.537900e-01
-1.078615e-01
-8.521307e-01
3.986423e-02
-5.320545e-01
-4.049663e-01
-4.584749e-01
-9.459009e-01
2.300502e+00
9.757265e-01
-6.451714e-01
-1.312663e+00
-1.029079e+00
-1.885430e-01
2.842669e-02
-1.869880e-02
-4.220370e-01
-6.682110e-01
1.849156e+00
1.721031e+00
-2.891425e-02
-1.042910e+00
-9.488474e-01
4.804984e-01
2.911137e-01
1.831420e-01
-2.389764e-01
-4.798070e-01
8.544098e-01
1.626570e+00
-2.507179e-01
-8.576086e-01
-8.018224e-01
9.564146e-01
1.247043e-02
-1.526469e-01
6.228871e-02
-7.989261e-01
1.546818e+00
7.703968e-01
-5.062699e-01
-1.067817e+00
-6.769343e-01
-3.287241e-01
-3.028666e-01
-3.965639e-01
-1.823911e-01
-7.919914e-01
1.248134e+00
1.458573e+00
-5.657587e-01
-1.234193e+00
-1.062438e+00
-1.335844e-05
1.846266e-01
-4.696392e-01
-1.457845e-01
-5.025764e-01
5.366286e-01
-1.669126e+00
-5.388234e-02
-2.434547e-01
9.733743e-02
-1.230330e+00
7.673744e-01
1.605671e-02
6.599829e-01
1.241048e-01
-9.803180e-01
-7.248779e-01
-8.098156e-01
4.092461e-01
7.192775e-01
-1.796568e-01
5.874670e-01
-2.581022e-01
6.582472e-01
1.772490e-01
-1.124059e+00
-5.327953e-01
-5.519088e-01
1.029075e-01
8.451601e-01
-3.117687e-01
4.591689e-01
1.834434e-01
2.220659e-02
-1.118477e-01
-4.473183e-01
-3.348442e-01
-2.575778e-01
2.865583e-02
5.112140e-01
-3.314876e-01
-1.136423e-01
-4.771209e-01
-4.631105e-01
-8.402344e-01
-1.225060e-01
-1.495552e+00
-8.160627e-02
-5.900419e-01
-1.141560e-01
-1.320273e+00
2.250696e-01
-1.370956e+00
1.008955e-01
-3.578741e-01
-3.754390e-01
-7.779431e-01
-1.643597e-01
-3.931535e-01
3.278346e-01
-5.655439e-01
6.614931e-01
-9.928500e-01
4.725682e-01
2.196976e-02
-6.130913e-01
-4.180524e-01
-2.972667e-01
7.858918e-03
7.830856e-01
-4.163879e-01
1.259748e+00
-8.006946e-01
8.694992e-01
4.024744e-01
-7.730512e-01
-6.788632e-01
4.603320e-01
4.507174e-01
1.085062e+00
-4.594294e-01
6.035255e-02
-1.275622e+00
9.017616e-02
-3.806205e-01
7.969084e-01
-6.818738e-01
-6.830537e-02
-5.089293e-01
2.126596e-01
-6.754338e-01
3.075816e-01
-1.133590e+00
1.678737e-01
-3.257975e-01
6.863976e-01
-6.372976e-01
2.150403e-03
-3.662539e-01
2.879329e-01
-6.438904e-01
-5.256079e-01
-8.795589e-01
-5.927803e-01
-5.630136e-01
1.535378e-01
-2.193893e-01
3.583467e-01
-2.403067e-01
-5.570606e-01
-1.169908e-01
-5.116185e-01
-9.946606e-01
-4.191924e-01
-6.278706e-01
1.397289e-01
-5.819354e-01
2.122736e-01
-2.079143e-01
-5.638661e-01
-2.141022e-01
-8.518800e-01
-9.471071e-01
-6.242494e-01
-7.749602e-01
-2.987221e-01
-4.096413e-01
3.109705e-01
-3.385807e-01
-6.381157e-01
-3.423807e-01
-1.516912e+00
-3.706039e-01
-4.073479e-01
-1.087912e+00
1.330744e+00
1.076167e+00
7.444988e-01
-9.891269e-01
-9.077206e-01
-3.570593e-02
-2.273128e-01
-7.759926e-01
-4.285344e-01
-3.346740e-01
-2.148516e-01
-8.323793e-02
2.838909e-01
-5.523565e-02
-1.192770e-01
1.143748e-01
-1.234861e+00
-9.667644e-01
-1.203965e+00
-7.436366e-01
1.749811e-01
-5.602655e-01
-1.289440e-01
-1.380759e+00
-7.649718e-01
-4.766429e-02
-1.168100e+00
-8.735735e-01
-9.842580e-01
-9.043727e-01
1.526274e-01
-7.057121e-01
-1.279075e-01
-1.273962e+00
-8.461900e-01
-2.881601e-01
-1.424292e+00
-1.029384e+00
-1.134804e+00
-8.683935e-01
2.430527e-01
-4.634155e-01
-6.289622e-02
-1.516089e+00
-1.001417e+00
-2.819338e-01
-1.351421e+00
-1.334861e+00
-1.691916e+00
-6.222384e-01
1.222084e+00
-9.190325e-01
-5.725821e-01
-1.741430e+00
-1.090400e+00
-5.977594e-01
-1.247384e+00
-1.333816e+00
-1.219618e+00
-1.287063e+00
3.120162e-01
-9.044454e-01
1.592217e-01
-1.242441e+00
-1.152609e+00
-6.512931e-01
2.325487e+00
-1.339210e-01
8.127903e-01
1.702266e+00
1.039941e+00
-1.644754e+00
1.493587e+00
1.600689e+00
2.387456e+00
-2.730338e-01
2.646931e+00
7.952241e-02
1.055779e+00
2.428766e+00
1.526788e+00
-1.370538e+00
1.545165e+00
2.062190e+00
2.637182e+00
2.832502e-01
2.509151e+00
-1.722377e-01
9.440441e-01
2.237474e+00
1.431051e+00
-1.316043e+00
1.189312e+00
1.846472e+00
2.574442e+00
4.818112e-01
3.154192e+00
5.188535e-01
1.566989e+00
2.646966e+00
1.777270e+00
-1.252411e+00
2.328380e+00
2.497434e+00
3.011622e+00
5.809465e-01
1.260788e+00
-7.117784e-01
2.836516e-01
7.294150e-01
-1.089872e-01
-5.086786e-01
1.875979e+00
5.767866e-01
1.534390e+00
-1.455974e+00
5.572763e-01
-1.238789e+00
-6.515930e-01
8.207371e-02
-6.115949e-01
-1.398328e+00
1.009870e+00
-1.508331e-02
6.559261e-01
-1.297482e+00
8.400052e-01
-1.027074e+00
-8.791403e-02
3.320427e-01
-4.286267e-01
-8.506600e-01
1.545536e+00
3.070428e-01
1.053666e+00
-1.421477e+00
1.230487e+00
-8.248743e-01
2.796482e-02
8.020120e-01
-7.061881e-02
-9.249250e-01
1.693812e+00
4.965603e-01
1.465671e+00
-1.167434e+00
1.486813e+00
-7.824690e-01
3.355449e-01
8.561901e-01
-3.677371e-02
-5.060423e-01
1.961131e+00
7.454851e-01
1.685771e+00
-1.309075e+00
6.278705e-01
-1.570775e-01
5.424601e-01
1.166592e+00
3.289224e-01
2.550469e-01
7.492933e-01
3.270449e-02
7.824392e-01
3.144819e-01
-2.582560e-01
-6.889316e-01
1.769445e-01
3.067811e-02
-4.867529e-01
8.815401e-01
5.310574e-01
-6.535799e-01
-2.483302e-01
5.664912e-03
1.667731e-01
-2.389272e-01
5.553781e-01
3.605171e-01
-3.204738e-02
1.041591e+00
8.687154e-01
-3.007474e-01
2.516001e-01
2.193067e-01
1.018837e+00
5.365471e-01
5.667423e-01
1.767708e+00
1.219524e+00
6.120583e-01
2.057023e-01
4.640547e-01
1.262707e+00
-2.688933e-01
-3.808671e-01
-7.728359e-01
-4.377913e-01
4.738575e-01
-3.298841e-01
2.003080e+00
5.350794e-01
-8.245883e-01
-1.228628e-01
-3.033300e-01
-1.471315e+00
-7.828827e-01
-1.212593e+00
-5.644971e-01
-1.355584e+00
2.343550e+00
7.341460e-01
-6.319866e-02
-9.695613e-01
-1.626317e-01
-1.478153e+00
-7.905561e-01
-1.305991e+00
-3.494943e-01
-1.249609e+00
1.358928e+00
9.480600e-01
1.276111e-01
-8.524188e-01
1.310369e-01
-9.759439e-01
-2.554986e-01
-1.029707e+00
9.633116e-02
-8.837423e-01
1.121698e+00
1.265872e+00
1.318530e-01
-6.423720e-01
2.736258e-01
-1.450629e+00
-8.671479e-01
-1.217657e+00
-1.819713e-01
-1.153368e+00
1.627604e+00
5.140811e-01
-3.807886e-01
-7.683694e-01
-1.472857e-02
-1.473839e+00
-2.567458e-01
-3.388893e-01
-7.815986e-01
-8.563829e-01
2.592474e+00
1.104587e+00
-1.415431e-01
-1.115515e+00
4.023062e-01
-1.116120e+00
2.352394e-01
-5.347379e-02
-4.235328e-01
-5.897174e-01
1.087137e+00
1.705881e+00
-2.558585e-01
-6.550788e-01
-4.261256e-01
-1.130453e+00
1.667880e-01
1.608262e-01
-3.898087e-01
-6.202126e-01
2.149385e+00
1.586811e+00
-3.343331e-01
-8.375503e-01
3.878304e-01
-1.557655e+00
-6.832184e-01
-4.706526e-01
-9.888449e-01
-1.343862e+00
1.631258e+00
5.813053e-01
-4.645422e-01
-1.287888e+00
-5.599574e-01
-1.528213e+00
-5.288430e-01
-9.481154e-01
-8.666886e-01
-1.340210e+00
1.755361e+00
6.986672e-01
-4.889916e-01
-1.349574e+00
-7.971822e-01
8.501022e-01
-9.324734e-01
6.398650e-02
5.616556e-01
-1.373489e-01
1.260984e-01
-1.614253e+00
1.219146e+00
1.267725e-01
1.148789e+00
-5.270640e-02
-1.399440e+00
-7.175336e-01
-2.328952e-01
-6.162085e-01
-1.294012e-01
-1.503017e+00
7.735571e-01
-4.952650e-01
2.038169e-01
1.092965e+00
-9.720736e-01
1.471019e-01
5.841319e-01
-3.607324e-03
3.253551e-01
-1.791825e+00
1.607432e+00
3.134372e-01
1.380550e+00
9.576736e-01
-1.364253e+00
-2.710673e-01
3.695622e-01
-2.433614e-01
-1.210853e+00
-2.215147e+00
1.171651e+00
3.988958e-01
9.911476e-01
1.316706e+00
-1.060130e+00
1.335026e-01
6.398278e-01
1.578707e-02
-7.467600e-01
-2.217571e+00
1.757881e+00
7.055121e-01
1.530836e+00
