15.676855
11.034881
12.413659
15.083010
12.905956
7.674814
14.032979
14.170633
15.487405
10.080674
9.517302
9.110744
9.833729
10.668044
8.713322
10.321349
11.443537
9.527884
9.751970
11.509521
9.547306
9.876872
8.567198
7.886958
16.022760
11.661057
10.452854
7.629148
8.178990
9.975609
7.881047
8.531477
8.281495
7.470867
11.245080
9.111477
9.797326
7.906414
8.087079
10.053121
9.453709
9.775124
8.779966
8.034904
13.378387
11.405352
10.484282
8.123530
8.073359
10.002582
10.005930
9.875080
10.144467
8.162577
10.928086
12.883479
9.411570
7.824402
8.304310
12.115764
8.474458
8.929581
8.235266
7.735469
10.779054
10.206189
9.888018
8.104859
7.997991
10.360363
10.460970
8.620486
10.130502
9.489829
8.389522
7.490041
9.821730
9.617692
10.246026
8.350375
11.251039
9.470860
10.898260
10.113389
7.937650
8.053506
9.864165
10.318477
11.389677
9.378973
12.520503
10.162566
12.710628
11.430150
7.506211
9.279619
9.116175
11.345212
12.596705
10.178057
10.029580
9.131637
8.947559
8.971405
11.552101
7.373189
9.487162
9.497640
9.473238
7.450127
10.045999
8.339929
9.539122
9.047435
8.437896
6.974231
9.451947
9.771633
9.700609
8.252179
9.353097
7.962975
9.916369
9.301014
10.531752
9.234190
9.822027
8.903332
10.143525
9.341874
10.385079
7.844113
9.783099
9.016538
10.049730
8.296557
10.769599
9.330185
10.262451
8.916880
8.911571
7.381771
8.636164
8.410946
12.176061
8.748664
9.668488
8.633518
9.213332
8.695594
9.640333
8.062017
9.142465
9.155721
12.463886
9.274091
10.559698
9.321493
9.834912
9.457428
10.492950
7.596918
9.402137
9.280597
10.312236
7.784852
11.209093
9.659393
10.572425
8.976013
9.067344
8.142789
9.058154
8.326186
12.408420
8.600198
11.149300
9.289243
8.800362
7.327615
9.749743
8.490912
9.705548
8.996514
11.538923
9.680921
10.337543
9.622261
8.697027
9.774673
7.804316
10.606949
10.242141
8.715634
14.065894
12.586984
11.791610
8.786194
8.711068
11.374313
6.978792
10.036550
8.230757
8.425158
12.927443
13.059048
11.433560
7.882346
8.626984
12.308362
8.364493
9.588476
10.029704
9.091216
12.912199
11.807227
11.839939
9.839167
8.532522
11.120468
7.704384
7.975293
7.959319
7.931486
13.927523
8.189424
10.881091
7.980704
8.210214
9.013910
8.666027
8.124112
8.769682
9.268669
9.414227
7.304239
10.670947
8.124710
9.232641
9.885220
7.737142
8.534043
8.846429
9.274673
11.226182
10.534495
9.963373
7.252332
8.141582
10.528412
8.062654
8.525835
9.034120
9.781438
10.013086
10.267304
9.524658
7.311772
8.559186
10.836863
7.623597
8.662888
8.715095
9.280948
13.255176
10.333845
9.928121
7.020323
8.156351
10.371037
15.004406
10.268462
11.577582
13.961456
12.236341
6.975020
14.255877
13.427958
14.985114
9.293388
14.951334
10.008482
11.887949
13.998929
12.594306
7.865546
12.903567
13.788394
14.617167
10.748616
15.397155
10.423608
12.458256
14.322377
13.063151
7.851638
13.175846
13.893136
14.907865
10.690776
15.382262
10.881238
12.559037
14.685023
12.681589
7.750901
14.017406
13.953472
15.261075
10.382448
14.277589
9.605874
12.175948
12.811572
10.947841
8.097699
14.954299
12.553255
14.652083
9.004070
10.993772
7.514603
9.185273
10.090003
8.646433
9.194577
11.696439
9.886505
11.358011
7.363253
10.536856
7.910824
9.166024
9.819913
8.568569
8.118183
11.379541
9.982773
10.828762
8.772129
12.343029
8.190189
10.391721
11.238453
9.623969
9.966654
12.925911
11.067136
12.711336
7.671364
12.950412
8.438180
10.857431
11.386133
9.809157
9.597081
13.377514
11.565539
13.323504
7.745539
10.315921
8.775833
10.708185
10.850564
9.574500
11.878236
10.620147
9.550421
10.386095
9.307031
11.719092
9.850728
11.387409
12.626989
11.667208
10.674280
10.432627
10.981792
11.164315
10.054173
10.160744
8.164807
10.316612
10.266106
9.024765
11.388241
9.863573
9.388128
9.700329
9.393413
11.439124
9.524563
11.448181
11.328675
11.117215
11.494535
11.517644
10.827971
11.538191
9.016650
10.803612
10.124067
10.738835
12.199772
10.790630
11.043440
11.916025
9.930289
10.729232
9.485741
7.570652
7.757045
8.805905
9.077121
6.831348
14.495654
9.565145
9.080637
8.415482
8.549876
8.231403
8.718166
9.397452
10.010877
7.774888
13.472866
10.271560
9.480354
9.212276
9.704630
8.517890
9.094579
9.974967
10.397381
8.034984
13.320766
10.483894
8.870453
9.541232
9.427901
7.720414
8.189388
8.754910
9.635434
7.342385
12.145322
10.211579
8.821223
8.684725
9.983182
7.810752
9.114708
9.969429
7.478190
8.087373
16.276988
11.480701
10.818240
8.705083
10.118410
9.045396
9.133143
9.714793
8.868505
8.722645
11.733684
10.186608
10.605824
9.303647
10.777888
7.986124
8.724752
9.410587
7.743802
7.639079
11.605563
8.587922
10.595965
8.423135
9.779507
8.143047
9.531247
10.261025
7.754169
8.039501
14.559689
11.338203
10.976899
8.989552
10.367447
7.886118
10.076758
10.067359
9.257826
8.705147
15.627321
12.876722
10.386746
8.391008
11.773426
11.734914
7.635080
10.560021
10.289749
9.648683
10.380151
6.818674
10.859869
10.642325
11.791441
12.681682
8.678964
11.646058
10.918315
10.684962
11.100911
7.674366
11.741118
11.682344
12.573142
11.431952
7.169845
9.992581
9.546149
9.467306
10.456063
6.316554
10.275891
10.595331
11.376999
11.393657
8.181463
11.077725
10.372562
9.823281
10.559390
7.833406
11.079209
10.313701
11.674395
11.671248
7.469203
10.286423
10.188654
9.628079
10.081518
6.452308
10.840768
10.600635
11.806138
7.092924
9.686314
9.686657
8.565617
15.971549
12.570517
10.426589
8.067145
7.174025
10.991051
13.287208
9.695572
11.165680
12.597110
10.328510
11.040653
12.061260
11.462923
14.011909
7.979864
8.911226
8.777903
8.216124
8.013015
16.667587
11.118400
10.036360
8.095896
7.573811
9.951836
10.173939
9.161914
9.366122
8.745386
14.535302
13.038193
10.333004
8.135000
8.802650
10.873437
9.449131
8.906852
9.041570
7.611777
15.405521
11.784033
9.818656
7.168168
8.359973
10.054822
10.418496
9.206058
9.335341
8.767221
12.969892
13.607685
10.411194
8.298791
8.705367
11.744475
9.608151
8.724195
9.582041
8.496455
14.539423
12.457902
9.823987
7.895150
8.440461
10.175240
9.276193
8.988635
9.385383
8.685643
11.369832
9.286022
8.304598
8.666981
9.448132
8.905970
9.316067
8.823553
9.612504
8.679832
10.836399
8.944483
8.539555
8.411560
9.709597
8.681539
11.040258
9.308127
12.045600
10.667939
9.092787
10.018105
8.559713
10.344495
11.822252
9.555871
8.945745
8.169593
9.231063
8.263043
12.544515
8.173116
8.948201
8.169896
9.394630
7.852419
9.096553
8.205431
9.193290
8.414746
11.928564
7.729395
9.039111
8.482644
9.155985
7.642815
10.718278
7.979259
9.935212
8.870397
11.808920
7.924921
10.415539
9.543834
10.854966
7.875040
9.738443
7.298722
9.737233
8.798152
12.107963
7.800107
9.880887
8.926344
10.213607
7.864751
10.344251
8.827445
11.683114
9.794786
9.598860
10.055540
9.840429
9.242543
11.220956
9.843991
9.434149
7.335685
9.783291
8.936315
12.054030
8.351583
10.405727
8.770453
10.093915
8.636492
10.822438
8.011043
10.549900
9.586861
11.561421
8.979196
10.226612
9.507940
10.784108
8.966335
7.421945
8.414738
8.559021
8.543420
15.544718
10.144077
10.335072
8.424023
7.549778
9.840466
10.567294
7.113376
9.238393
10.458312
8.450106
11.383183
10.049875
9.231812
11.143067
7.014427
11.473900
9.647386
10.498696
12.750346
10.588656
11.328572
10.567241
9.928730
12.087073
10.343614
9.291157
8.695642
10.126736
9.974743
8.956534
15.062171
10.965340
8.632453
9.242211
9.537867
8.794170
8.512563
9.196063
10.313373
8.108844
11.963265
10.311445
7.847473
9.447212
9.964914
8.786750
8.072412
9.244527
10.180019
8.003553
11.634441
10.307663
7.837260
9.431794
9.595092
11.394636
9.520765
11.490749
12.560090
10.495317
11.240604
9.069169
9.754880
12.256439
8.809940
7.486890
8.332346
8.115805
9.147173
7.507117
15.258729
11.032416
9.258821
8.364166
9.473620
7.111774
8.849740
8.488259
9.274064
7.456647
16.168411
11.166894
9.700435
8.325162
9.470219
7.202638
8.700564
8.381230
9.221822
7.434572
15.791930
11.154102
9.849757
8.434849
9.526781
7.402683
8.829948
8.188116
10.030727
7.589481
13.349253
11.358054
9.223353
8.565089
10.285869
6.999457
8.553793
8.105125
9.194460
7.408598
13.207339
11.233772
9.421441
7.931104
10.224938
7.456762
9.508719
9.792974
9.202613
8.199052
14.202764
12.379538
8.868656
7.975814
10.586087
7.059298
9.008548
8.932965
9.054005
7.202285
15.406893
11.511586
9.060442
6.947825
10.130090
8.687934
10.974238
10.563621
11.318013
9.618591
13.785178
12.034729
8.795481
8.991994
9.656960
6.776672
8.607501
8.489941
8.379198
7.276601
15.600030
11.324684
9.472936
7.038142
9.861497
7.228983
9.545054
9.184794
9.204213
7.949948
16.054752
12.117339
9.850347
7.756190
10.583919
9.424314
6.564180
8.721407
9.548973
8.434793
13.448285
8.114821
8.778113
8.311816
9.936506
9.951440
6.877380
8.624252
10.122748
8.882097
11.567087
7.773861
9.638252
8.983743
10.500029
13.097885
8.880910
11.299063
11.242271
11.193452
8.652899
7.881103
12.445500
12.224855
12.816343
9.733060
6.740927
8.496269
9.736123
8.766123
12.340869
7.861667
9.442642
8.772600
10.255346
11.393657
8.181463
11.077725
10.372562
9.823281
10.559390
7.833406
11.079209
10.313701
11.674395
7.579630
8.778727
8.526114
8.514493
12.841348
10.987059
9.708728
8.234812
8.929683
10.404854
7.322210
10.079678
9.255981
7.984512
13.829144
12.644486
10.565640
7.693202
8.726413
11.472997
8.455086
11.447445
10.691431
9.720261
12.631150
13.787013
10.088251
8.990764
9.586496
12.410504
8.871609
9.733815
8.955295
10.632779
11.029322
11.833768
9.248746
8.397549
10.113197
11.589031
8.785983
10.217250
9.151405
10.748262
10.360524
12.109556
9.766781
8.427135
9.590919
8.739859
7.589683
9.119068
8.333324
9.865175
15.155598
11.402838
9.901804
7.169673
8.652712
10.558020
7.777018
8.647160
8.535427
9.439074
14.033873
11.127187
9.462092
7.219700
8.285593
10.068132
10.185410
10.931660
10.808725
11.499849
10.675943
12.131079
9.607409
9.818896
10.527174
10.860233
15.562647
10.013375
11.860195
14.498808
13.180072
8.218438
13.215737
14.185612
15.875772
9.233376
14.668402
10.203456
11.359625
13.531529
11.661164
7.712782
12.730616
13.372858
14.271943
10.704358
18.494792
13.259001
15.645514
17.952629
15.491116
9.265371
16.250796
16.812725
18.458201
11.507617
12.740336
8.894729
10.774821
12.625257
11.017794
8.444622
10.152073
11.226579
13.292906
9.268776
14.447023
9.835983
12.012297
14.245264
11.445028
8.070672
11.867171
13.043189
14.702926
10.424392
10.416524
7.218506
9.289707
9.340683
8.725680
8.904005
10.725784
9.632991
10.349455
8.529110
10.817919
7.942471
9.768317
10.811567
9.157375
11.619944
11.017553
9.718509
11.519828
7.427469
16.181240
13.797286
15.209912
15.905391
14.192585
10.348244
12.503861
14.494538
16.989744
9.766381
15.420745
11.267700
12.807791
14.838351
13.601581
9.282690
11.348279
13.987864
15.427588
11.744350
8.032067
8.576017
9.124929
9.632438
7.355354
13.856984
9.707691
9.203355
8.923171
8.875432
9.766406
10.249896
9.780908
8.424912
11.707074
11.587637
8.872867
8.397565
9.090115
10.396952
9.157298
9.081864
9.433581
7.928083
11.365626
11.842130
10.060034
7.389354
8.467344
11.230786
9.690933
9.482205
8.959887
8.058925
14.148977
11.548904
10.541284
8.078273
8.451266
10.219297
9.114834
9.137710
8.866704
7.892398
13.679369
11.102500
9.979530
7.879705
8.354048
9.998879
8.545983
9.386858
8.832259
8.273841
11.156676
9.094614
9.975816
8.837603
9.285826
10.264651
11.734571
10.318744
10.743604
10.137751
8.609848
8.166914
9.347760
10.555132
11.953411
8.576729
12.407952
10.789192
11.912481
11.008773
8.041720
9.176692
8.780605
11.238004
12.357482
10.357979
8.773752
6.514477
8.546997
8.499553
7.759434
6.224377
9.228650
6.847906
9.950995
3.842166
11.468305
10.461394
9.873056
9.590195
10.462597
6.955378
10.209443
10.565840
11.247720
7.785750
11.458914
10.330557
9.718990
9.605340
10.424368
7.120430
10.198656
10.533901
11.037470
7.554239
9.745143
8.030232
9.406865
8.940194
11.811531
8.702685
10.601759
9.369173
9.836486
9.153943
10.462793
9.801480
10.942134
10.265125
10.065135
11.146156
9.689878
10.020241
11.485461
11.334940
11.337708
8.840735
10.463106
9.890720
9.526916
9.039087
10.733097
10.372701
11.688288
9.644411
10.650549
8.225898
10.645435
9.800629
9.084591
8.614947
10.359037
9.766287
11.239335
9.563136
11.778305
11.349174
12.116818
11.324365
9.465147
11.630086
10.332631
11.396421
12.657077
11.927944
9.471152
11.792487
10.514314
10.249712
11.311775
14.042240
11.567726
10.059883
10.472336
13.113888
9.782599
9.430705
10.135267
9.449065
11.941540
9.764219
11.336358
9.996815
10.230686
10.238045
9.809352
12.168809
11.889061
10.849854
11.445648
13.584718
11.333443
10.565954
10.879765
12.930767
10.838272
12.243937
12.192176
11.371082
12.546439
12.488799
11.739059
11.050785
12.060330
10.531706
9.446756
9.108017
9.488544
9.194851
11.758053
10.118746
10.791453
9.859967
9.829543
10.340258
9.775022
9.536853
10.491434
10.492385
10.687762
11.040083
9.661110
9.177565
10.110688
10.943618
9.930741
10.508753
11.288198
11.378765
10.017201
11.305228
10.083312
9.535346
10.226477
11.872235
8.256709
8.688154
9.363306
8.869500
12.429070
9.656152
9.746939
7.361088
8.452623
9.222532
8.009359
8.893968
7.599061
9.810070
10.554863
8.790992
9.590865
6.049269
8.781865
4.691271
10.185410
10.931660
10.808725
11.499849
10.675943
12.131079
9.607409
9.818896
10.527174
10.860233
15.588291
11.451279
13.001057
14.685252
12.791444
8.056088
13.631390
14.036062
15.622424
10.192683
15.873188
11.413578
12.910569
14.814535
13.372678
8.230498
13.264201
14.398560
15.490511
11.054988
17.615909
13.390492
15.035500
17.438018
15.087039
9.388516
15.119315
16.275260
17.091360
13.809208
15.405329
10.839008
12.561925
14.471872
12.691262
7.272229
13.769778
13.840276
15.891195
9.949902
13.286503
9.372247
11.397692
11.877490
10.251314
8.881002
13.470715
11.799958
13.456087
8.730984
11.793516
8.790651
10.316794
10.608732
9.523981
8.720355
12.248850
10.782767
11.563545
8.588092
14.041801
10.268423
12.241602
12.774788
11.083699
7.104179
13.642343
12.825862
13.757300
10.245418
15.031664
10.346290
12.854705
13.456651
11.438706
9.073103
15.180818
13.027766
15.394288
8.912762
13.930898
9.855168
11.901389
12.866594
10.772343
8.742840
14.172006
12.253922
14.359425
8.657081
9.839336
7.976413
9.948114
9.142711
9.017491
12.495525
9.153848
9.369548
9.194815
8.642997
10.689008
9.380837
10.674784
10.782923
9.844818
12.498581
10.453556
9.880190
10.886276
9.702387
9.913638
8.846104
10.217588
10.602177
9.112783
10.630287
9.947837
8.796612
10.429949
9.864656
11.883513
10.567519
11.472851
12.721044
11.537246
10.855473
12.331406
11.460838
11.676730
10.418322
12.774942
11.137559
12.478778
13.136590
12.602832
11.150856
11.446769
11.897698
12.724396
9.032266
9.488852
9.650722
10.181582
11.321564
8.859590
10.632734
11.575122
8.598988
9.839124
11.505491
7.912248
8.907104
9.196454
9.351692
7.509099
11.882169
10.715461
9.740705
8.695807
9.911316
8.828873
9.149494
9.212259
10.198164
8.013782
13.109492
10.499099
9.118848
9.540539
10.057721
8.732887
9.242316
9.758630
10.224779
7.970740
12.418171
10.103921
9.388899
9.544496
9.450058
8.045124
10.681315
10.118102
9.396202
9.072014
12.343172
13.550198
9.723296
8.944509
9.391144
8.253389
9.857871
9.406883
9.264987
8.563487
11.275855
11.552243
9.178812
8.621752
5.367323
9.640384
10.761097
11.266148
10.118918
9.514741
11.686109
11.643247
10.106392
9.598719
9.095785
9.445595
10.307461
10.848376
9.212529
8.935732
12.994833
11.302238
11.130479
9.674706
11.121734
8.973815
9.997345
10.622702
8.674696
8.721277
13.831895
11.101503
10.984888
9.343053
10.485178
11.462366
8.304938
10.755156
10.214202
9.743610
11.719314
7.710909
11.695703
10.143806
11.670136
12.104552
8.524615
10.711999
11.001935
10.313647
9.130632
7.609718
11.035901
11.059484
12.222331
13.051327
9.034401
11.397276
11.715124
10.816672
8.298260
7.097728
12.117365
11.828287
13.008174
13.533238
9.204326
11.599853
11.907658
10.937455
8.995264
6.937340
12.119756
12.089545
13.662528
11.453264
8.116869
10.751477
9.898397
9.965167
10.204535
7.827827
11.681465
10.569827
11.500067
8.690316
9.780211
10.041246
9.275168
15.509996
9.994694
13.442759
9.997391
9.106525
9.896169
15.851806
10.664232
13.444284
14.250640
12.299515
8.337108
16.006838
13.899377
16.305114
8.382274
10.944681
11.515090
10.503809
10.405691
12.763909
12.532695
9.766269
9.998471
9.732340
10.544496
10.162720
10.396775
9.455018
9.274159
13.141373
12.446525
9.057491
8.879474
9.102552
10.327424
10.277871
10.185940
9.399120
8.918891
13.829695
13.579752
10.166012
8.187940
8.371434
11.159759
11.850462
12.386112
10.634081
10.739494
11.651436
12.132031
10.266334
10.886863
10.203510
10.488110
10.046382
9.419142
8.996393
8.954812
13.342612
12.468491
10.482402
8.481449
9.062591
11.260252
11.215521
10.338108
9.229358
10.076839
10.048572
7.403857
11.514936
10.551590
10.361449
8.667247
11.484173
10.951993
9.622399
10.196353
9.662995
7.959665
11.188919
10.846112
10.656392
9.082615
12.838731
11.275028
12.313648
11.576507
7.665737
9.091179
10.401700
11.966972
13.072121
10.539096
12.515693
10.978622
11.556178
11.191510
7.566729
8.508861
10.358299
11.561039
12.374035
9.925509
11.386361
9.935345
10.019815
9.887212
9.479064
7.552179
10.987747
10.251113
11.226595
8.263310
10.768842
8.390132
9.766879
9.987548
12.689985
9.812972
11.477180
10.200926
10.674243
9.805327
12.372726
9.365322
11.502545
10.782045
8.272920
9.343594
11.412013
11.121467
12.210045
10.612684
11.842798
9.406006
10.612237
10.553399
9.051422
9.972865
10.721165
10.944985
11.967874
11.064297
11.083322
9.011735
10.903421
10.536651
10.344744
10.905696
9.661482
10.542573
11.059826
11.853217
11.256083
9.460752
10.517956
10.544216
10.554068
10.330661
10.452751
10.798342
11.578959
10.995842
11.833944
8.909280
11.472779
10.104083
10.538717
12.054404
9.706541
11.109639
10.555809
9.592100
10.155513
8.848578
10.759579
9.692333
9.614865
11.149941
9.782725
9.477911
9.763568
9.995120
12.431012
9.884312
12.247718
11.958013
11.226403
10.335121
10.948539
11.489888
12.164600
11.261513
16.308974
13.283108
15.558194
16.768295
15.487102
8.485423
11.403662
15.439514
15.811030
11.926933
14.009553
11.813230
13.356787
14.113377
13.467166
10.464101
9.884335
13.013485
14.009700
9.842075
9.139221
8.748859
9.133178
10.302660
8.600185
10.780680
11.612273
9.004587
9.329368
11.453290
8.660366
9.325531
9.358200
10.260753
8.501424
11.550806
12.136688
9.195398
9.288860
10.809484
9.017709
9.813172
9.697254
10.669135
8.758067
11.340288
12.390761
9.597235
9.837246
11.241817
8.112671
9.113691
8.316270
9.150497
8.012678
12.837677
11.729829
10.204685
8.729663
10.623953
7.300770
8.510512
8.132527
9.237523
7.997607
15.270701
10.830326
9.167194
8.401453
10.239383
8.630469
9.766516
10.826725
8.292069
8.904329
14.068235
11.344526
10.838916
9.123298
9.884776
10.894742
11.323420
12.049347
10.959968
10.401457
12.662805
11.714540
10.721298
10.746762
10.541261
9.440833
10.083807
10.224804
9.769737
9.411840
12.329882
12.187408
10.551374
9.905699
12.131005
8.390799
9.309048
9.785591
8.440694
8.085013
13.792994
10.874751
10.449951
8.270369
9.721997
9.792899
10.290283
11.509245
9.304829
9.416596
12.786285
11.759059
10.937252
9.955078
11.375523
12.625502
9.011199
11.836533
10.981803
11.376375
12.000161
8.606783
11.828403
11.714064
12.575920
13.155278
8.741459
11.221910
11.494782
11.391689
8.989101
8.008210
11.825209
12.347756
12.890565
12.389704
8.648573
11.182097
10.981846
10.936037
9.288190
8.218765
11.871653
11.655909
12.377462
13.097885
8.880910
11.299063
11.242271
11.193452
8.652899
7.881103
12.445500
12.224855
12.816343
11.393657
8.181463
11.077725
10.372562
9.823281
10.559390
7.833406
11.079209
10.313701
11.674395
10.750141
10.481965
11.597560
10.775881
10.764709
12.060022
10.394679
11.080674
10.495478
12.190844
9.797588
9.630610
10.795229
9.477422
11.004930
10.798738
10.125814
10.107254
9.487351
11.177875
10.248760
9.952021
10.947760
9.990345
10.123216
10.832691
9.926484
10.547287
9.487496
10.942412
11.008276
10.723101
11.639528
10.695396
11.840668
11.947055
10.432924
10.797090
10.904527
9.091158
8.621717
9.106120
9.943821
9.053880
12.767707
10.699729
10.326550
8.294064
8.352693
10.263597
9.520230
10.358429
10.921506
10.625020
11.173897
12.376142
9.544901
9.441014
9.513902
11.366994
9.440533
8.124585
9.264986
9.221282
10.372251
9.004026
9.997445
8.919757
9.507848
9.908854
8.079601
9.129437
9.468985
9.080678
13.288756
10.884965
9.940307
8.065198
8.591268
9.758996
18.251887
12.722635
15.558279
17.411333
15.605050
9.257758
15.567629
16.582829
17.820740
12.988758
17.775474
12.216141
14.645170
16.305003
15.278726
9.015084
14.719833
16.128806
17.367304
11.798835
15.562647
10.013375
11.860195
14.498808
13.180072
8.218438
13.215737
14.185612
15.875772
9.233376
18.667113
13.812014
16.130352
17.701992
15.882610
9.694213
16.557949
16.796441
18.427963
12.202073
18.494792
13.259001
15.645514
17.952629
15.491116
9.265371
16.250796
16.812725
18.458201
11.507617
16.331737
10.865306
13.732812
14.681320
12.590979
7.310201
15.973342
14.409119
16.746722
9.651478
20.162925
15.083964
18.604719
18.230698
17.921703
8.853764
17.749081
17.838188
20.656827
10.996545
15.508209
10.528668
12.961361
14.082657
12.347478
6.474900
15.162996
14.172315
15.393004
10.383697
11.038309
7.961227
9.168476
10.547401
8.850327
10.939982
11.514280
9.978742
11.505551
8.261217
7.682687
8.087511
8.648189
9.206000
12.775225
9.839534
9.163629
7.060953
7.942931
9.564555
10.597504
9.841653
10.579774
12.528873
11.137513
11.977428
12.459127
9.879913
10.941050
9.441699
9.732453
10.258360
9.691035
8.359512
11.928934
12.507001
8.801535
7.937847
8.422320
11.247762
10.115980
9.535602
9.626135
8.017083
12.619681
13.060784
9.811716
7.554236
8.339457
11.086304
8.931806
9.075187
8.672246
7.045904
14.328369
11.406419
9.542125
6.808465
7.561656
10.593190
9.899589
9.386012
10.740798
8.793314
12.024213
12.521934
9.256162
7.830488
9.093870
11.664972
8.618971
8.576217
8.805674
7.020784
13.477119
11.408072
9.378656
6.556156
7.626931
10.362447
10.320062
9.136515
9.791025
8.973373
11.385001
7.145943
9.363763
9.596029
9.800163
7.461005
11.434311
9.421714
11.798477
10.251938
7.531965
8.361347
8.300452
10.280965
12.099468
9.613200
11.416962
9.838978
11.274450
10.096587
7.755251
8.213683
8.489648
10.162513
11.689851
8.992359
11.505421
9.518784
12.152050
10.616009
8.248623
8.710095
8.409268
10.601716
11.481432
9.053082
10.363767
8.373977
10.374533
9.204135
8.915354
7.392540
9.721028
9.554352
10.506333
8.424377
9.080182
6.992130
9.082533
8.561536
13.298077
8.765567
9.470169
8.281474
8.929691
8.475547
10.691389
8.422282
12.002134
10.002629
8.907375
9.925780
7.629353
9.404849
10.889830
9.688097
9.092354
7.542291
9.608698
8.440107
11.200388
9.184007
9.347021
8.250229
9.567657
9.291852
10.146071
8.011064
11.226525
9.388292
9.855382
9.427055
8.345438
8.626845
10.617541
9.155641
10.790434
7.744998
10.600993
9.205324
9.281086
7.911637
10.111248
9.423150
10.847282
9.169522
9.067344
8.142789
9.058154
8.326186
12.408420
8.600198
11.149300
9.289243
8.800362
7.327615
9.004682
7.880983
8.679431
8.448953
9.953975
8.171356
10.445434
9.277120
8.957394
9.553074
10.620608
8.043528
9.668159
8.560690
8.274103
7.780926
10.633202
10.103384
9.527637
8.957468
7.905939
10.705739
10.477466
8.429027
15.636343
12.056927
10.950259
8.337227
8.306231
10.110650
11.208795
8.648742
10.487059
9.369907
8.384544
8.307451
10.807102
10.935807
10.117515
9.960091
8.203286
8.573261
8.609884
10.341054
11.036927
11.351122
8.672649
7.384008
8.754432
10.621376
8.394139
9.132480
8.873709
9.822357
11.140915
10.105627
9.336999
7.969813
9.028777
10.486838
7.504865
8.569799
8.596068
9.796536
12.838967
9.823077
9.114597
6.928598
8.201884
9.495793
7.667053
8.230543
7.537946
8.865412
12.835400
9.339541
10.498912
6.934053
8.408905
9.272640
15.890073
10.932103
12.859277
15.568862
13.152328
7.001288
14.353008
14.455748
15.930702
11.326719
15.026801
10.680676
12.935357
13.201688
12.580584
8.617695
12.355980
14.017681
14.330912
11.047192
15.477672
11.128337
13.042023
15.050538
13.186482
7.861873
12.886381
13.777053
15.914204
11.272145
15.405329
10.839008
12.561925
14.471872
12.691262
7.272229
13.769778
13.840276
15.891195
9.949902
16.692499
12.002814
13.882134
16.175645
14.096106
7.840553
14.884370
14.911809
16.904666
10.404577
14.287451
10.113546
12.034881
13.712267
11.225705
9.820086
15.481487
12.464223
15.066044
8.006631
13.621649
9.251377
10.992333
12.779780
10.576137
6.970691
14.182392
12.199257
13.999018
8.588674
10.993772
7.514603
9.185273
10.090003
8.646433
9.194577
11.696439
9.886505
11.358011
7.363253
11.580536
8.077211
9.953445
10.795794
8.980874
8.557037
11.839426
10.276156
11.898127
7.095690
10.927507
7.770488
8.932723
10.744204
8.661695
9.255910
10.895668
9.734412
11.202422
8.410529
8.536564
8.210352
9.818587
9.397458
8.506100
12.500801
11.060589
8.232728
8.527445
10.179006
9.990233
9.253789
10.492167
11.897992
9.828572
11.029328
11.368790
9.126114
10.923871
10.189200
9.575384
8.610549
9.354963
10.309753
8.994015
11.625386
10.348714
8.466553
10.102213
7.193481
8.832542
7.942464
9.669012
9.751252
8.346775
14.891191
10.046561
8.140732
8.874316
8.869726
8.025451
8.905438
9.146266
10.916707
8.196778
11.442434
11.339542
8.232391
8.964059
10.157293
7.978686
8.910041
8.743986
10.292667
7.902430
11.872002
11.535651
8.391192
8.909445
10.581286
8.297935
9.648986
9.454898
11.024085
8.569722
11.992978
12.246240
9.169922
9.249675
10.950765
8.634714
9.060846
10.351570
10.996930
8.771259
10.183184
11.678653
8.936260
9.266561
11.419257
7.413221
8.708582
8.393807
10.262788
7.815132
14.153200
11.037208
8.725822
8.746507
10.289450
9.030845
10.907976
11.167828
10.718833
9.506416
13.320508
12.576543
8.794091
9.288480
10.593780
7.934049
11.127272
10.868513
9.641878
8.665800
13.382362
13.104143
9.885082
8.778936
11.653701
8.267146
10.414977
10.831605
10.337198
8.607539
12.230565
12.114969
8.711284
8.362811
11.111947
8.224368
11.249301
11.057209
10.420060
8.647305
10.319467
12.548349
8.953883
8.903020
12.485395
7.353768
9.057139
8.725337
9.274409
7.325012
11.976158
11.617382
9.150746
7.116407
11.188818
12.989747
9.467840
11.556023
12.726682
11.346488
11.286199
7.953775
12.812246
11.513849
13.736082
11.580529
7.672300
9.884144
11.348351
9.795006
8.090310
6.936011
10.998731
10.543415
11.883130
11.205587
7.330416
9.154465
10.528150
9.541841
8.544312
6.411998
11.162923
10.077552
11.439286
12.597280
8.797682
11.425059
12.120785
10.755324
8.487222
7.620137
12.451496
11.550342
13.168252
11.930086
7.983835
10.208886
11.881687
10.210508
8.866263
7.460253
11.290147
10.907564
12.388419
8.148815
10.811314
10.093885
9.367847
16.454219
13.166054
13.302177
8.849264
8.499808
11.526600
11.465994
7.681390
9.605740
9.995101
8.767099
8.024984
12.446032
10.406261
11.431364
8.433290
9.091719
9.258203
9.402475
7.572627
12.379590
11.993731
9.235432
7.542773
8.143033
10.658420
9.479836
9.295701
9.600403
8.124363
12.026190
12.563907
9.454261
7.893235
8.641393
10.901852
10.026539
9.693460
9.328151
8.659544
13.985094
12.128522
10.764066
8.485213
9.036434
10.119549
10.277871
10.185940
9.399120
8.918891
13.829695
13.579752
10.166012
8.187940
8.371434
11.159759
10.080948
10.104698
9.973383
8.374670
12.658853
12.519040
9.880126
8.356776
8.809098
10.263310
9.806025
9.315437
8.901226
8.787515
12.328731
7.654973
9.531545
9.062739
9.200164
7.843837
10.317038
8.884861
10.924196
9.532259
9.495266
9.314455
7.919278
9.292126
10.918569
9.359068
12.866932
10.603321
12.943383
11.960771
7.828759
9.974250
8.817496
12.066326
12.985798
10.861629
11.220974
9.800229
10.994760
10.295322
8.884354
8.647030
9.465201
10.307172
11.666829
8.956390
10.652481
9.057720
10.830715
10.027974
9.240128
9.489422
8.456217
9.747913
11.338909
9.020317
9.397607
6.636821
8.782728
8.582511
12.477919
8.111197
9.393856
8.760160
9.173756
7.999974
10.650549
8.225898
10.645435
9.800629
9.084591
8.614947
10.359037
9.766287
11.239335
9.563136
11.122184
8.598819
11.637435
10.854829
8.996539
10.083883
8.979765
10.380219
12.076276
10.275374
9.091887
8.414954
9.478538
8.798066
11.584283
10.445159
9.873334
8.520063
9.661923
8.334103
10.209424
7.934109
10.951058
9.851951
9.359109
9.343034
8.623010
9.445899
11.258325
9.214591
12.452830
8.372764
10.700271
11.120831
9.403226
7.950246
13.520080
11.344150
12.741653
8.383915
11.178396
7.983016
9.704153
9.906553
8.686336
9.917146
12.717237
10.069068
11.361399
8.114434
10.890734
8.670949
10.472721
11.701578
10.086962
9.878877
10.201250
9.960158
11.557989
9.348430
11.578053
9.505220
10.561759
13.331810
11.459796
8.823828
10.157505
10.616943
11.638086
10.725870
11.530217
10.256575
11.291956
12.057733
10.895271
10.592500
9.077746
10.391199
12.206379
8.782671
9.780928
8.442182
9.457298
10.863945
9.498419
14.057753
11.337821
8.799409
10.186319
9.353932
8.475898
7.397621
8.816272
9.277585
7.937346
12.095315
9.731453
7.436027
9.056244
8.727182
7.971487
8.242428
9.027912
8.425303
7.830405
15.013736
10.859729
9.472534
8.088388
9.101794
8.225128
8.471511
8.330319
9.868260
7.996148
11.875363
11.476284
7.998263
8.602555
10.189206
9.522950
9.661766
9.353185
11.919989
9.275004
10.911153
11.922341
7.882048
10.107868
10.475452
8.189501
8.548953
7.150558
10.539272
8.011637
11.567625
12.094338
8.462458
8.918504
11.335386
8.321005
8.736993
8.062720
10.479024
7.815535
12.735550
11.438846
8.105891
8.776397
10.325232
6.941774
9.090831
8.974242
8.223053
7.661617
14.607241
11.846024
9.515117
7.434980
10.316985
8.253389
9.857871
9.406883
9.264987
8.563487
11.275855
11.552243
9.178812
8.621752
5.367323
7.933336
10.057687
9.426788
8.980150
8.311664
11.910805
11.443700
10.107052
8.396002
5.826945
6.679418
8.866218
8.865417
8.028606
7.244256
13.950175
11.370743
10.053480
7.084565
10.162046
6.584156
8.788878
8.973673
8.032998
7.216535
14.663130
11.301093
9.832199
7.154240
9.935365
9.824591
7.839477
9.570491
9.664481
8.721225
12.838213
7.873000
10.480537
8.899604
10.215942
11.462366
8.304938
10.755156
10.214202
9.743610
11.719314
7.710909
11.695703
10.143806
11.670136
9.787957
7.157674
8.263607
9.462980
8.682308
9.590200
7.531991
11.249398
9.022179
10.029255
10.502258
7.051304
8.975437
10.427255
9.099296
8.158461
7.741803
10.293011
9.646661
10.669894
9.804085
7.381491
8.970301
9.092348
8.475851
11.536844
7.254151
11.351476
8.755921
10.218646
7.703705
10.459887
9.707462
8.821068
15.445733
12.902700
12.707460
8.519013
7.857191
11.520940
8.589613
8.353887
8.925042
8.734166
10.300387
9.240626
10.785194
9.423812
9.060417
9.905838
7.619056
10.278188
9.477562
8.956477
13.679260
13.212133
10.190321
8.259128
8.925681
11.066041
7.055791
8.628025
8.107215
7.499839
14.007689
10.263669
11.214099
7.174539
8.293902
9.675296
9.956202
8.880321
9.880048
9.955615
9.591584
9.646346
10.555816
9.547062
10.003413
10.824212
7.943722
8.518276
8.302356
8.458194
10.520158
8.845735
9.972899
7.737210
8.571695
9.660283
8.785983
10.217250
9.151405
10.748262
10.360524
12.109556
9.766781
8.427135
9.590919
8.739859
8.707072
9.962824
9.626327
10.820782
11.933351
11.498353
8.697095
8.094848
9.360520
10.373075
7.667053
8.230543
7.537946
8.865412
12.835400
9.339541
10.498912
6.934053
8.408905
9.272640
15.842160
10.888805
12.960359
15.500088
13.650827
8.225306
13.504143
14.210638
16.183458
10.481430
15.562647
10.013375
11.860195
14.498808
13.180072
8.218438
13.215737
14.185612
15.875772
9.233376
13.925029
8.890306
10.793900
12.835987
11.438578
7.067799
12.165870
12.520159
13.997265
10.176589
15.397155
10.423608
12.458256
14.322377
13.063151
7.851638
13.175846
13.893136
14.907865
10.690776
16.187266
11.109144
13.265243
15.591502
13.540977
7.957129
14.353040
14.613839
15.996310
10.527484
12.116518
8.039798
10.355474
11.206870
9.143942
9.339057
12.716987
10.609644
12.543408
7.635839
11.907130
8.110008
10.142839
10.551809
9.007781
7.535072
12.784382
10.859700
12.120784
8.339482
12.667124
8.768882
10.592246
11.254093
10.569864
7.414129
10.668418
11.595324
12.783724
8.626053
9.824695
9.301661
10.764319
10.783583
9.819426
13.547012
11.666295
9.111158
10.479532
8.755750
10.341953
8.667763
9.440105
8.644904
14.680036
13.266529
11.379424
7.746115
8.388984
11.358418
10.341573
9.284480
9.314790
8.670140
14.305817
13.392547
11.423661
7.966397
8.472652
11.221154
10.518761
9.318515
9.160643
8.367427
13.998787
13.122852
11.773958
7.945659
8.327496
11.197494
10.233400
9.054044
9.263369
8.289959
12.613065
13.454499
11.233246
7.999936
8.180864
11.424408
9.660204
8.948615
8.604010
8.000525
17.271219
12.333030
11.403049
7.626805
8.215155
9.819780
9.004034
7.889651
9.185164
8.620803
10.345737
8.773366
8.354948
8.504076
9.560638
8.754730
9.128904
7.844835
9.223794
8.703783
10.490828
8.931196
8.917288
8.697127
9.408047
9.343910
10.036326
8.612970
9.978937
9.263073
9.580226
9.168038
8.411761
9.311990
10.350152
9.239905
11.142498
9.963402
9.665462
9.514831
8.268594
7.856835
9.956831
10.530421
10.569909
8.781419
9.013225
7.932250
8.683124
8.264542
10.569831
7.777001
9.278242
8.261638
9.155915
7.966223
10.185561
7.844273
10.370861
9.661226
8.926691
8.830862
9.857330
9.427388
10.429572
9.445242
10.438459
8.668612
10.725340
9.791845
9.946770
9.660968
10.933754
9.715104
10.873486
9.866904
9.889121
8.244437
10.432249
9.867517
9.466313
9.451893
8.965825
9.669652
10.779118
9.416008
9.400274
7.445018
9.524332
8.667985
13.059924
8.777053
10.392863
8.794342
10.032459
8.627156
9.571172
7.582649
9.730993
9.109563
13.132357
9.262201
10.276359
9.000571
9.904494
8.954367
8.690316
9.780211
10.041246
9.275168
15.509996
9.994694
13.442759
9.997391
9.106525
9.896169
8.692786
9.138422
8.469632
9.076045
11.647498
9.344641
12.425902
9.393680
9.821738
9.962779
8.927350
12.949365
11.336428
10.784523
13.069046
14.999259
13.024952
10.258799
10.506297
12.944420
7.740982
9.003382
9.315017
8.618774
11.753040
10.660977
11.081328
9.147224
7.935032
10.087504
7.208818
9.099625
8.429881
8.232536
14.910556
9.523281
12.722966
8.331875
8.617317
9.414291
7.704384
7.975293
7.959319
7.931486
13.927523
8.189424
10.881091
7.980704
8.210214
9.013910
6.699170
9.335306
8.427394
9.217106
12.137990
11.885169
10.267600
6.951893
7.441753
10.959262
7.238904
9.577264
8.691521
9.604036
12.480086
12.329445
9.507106
7.083823
7.772019
10.899348
8.099929
8.749023
7.234010
9.482369
9.743432
9.409614
10.509509
7.844181
8.776534
10.436634
6.499102
8.736556
8.203951
8.657275
12.904777
11.290291
10.184489
6.670896
7.248354
10.427008
13.139663
8.784764
10.644158
12.420404
11.250379
7.985140
10.095793
11.836233
13.475270
9.792373
14.668402
10.203456
11.359625
13.531529
11.661164
7.712782
12.730616
13.372858
14.271943
10.704358
13.528347
9.710297
10.600547
13.201534
11.374148
7.861549
11.401639
12.149919
13.809502
10.661595
13.797046
9.459439
11.148778
12.498128
11.252441
7.384308
11.941750
12.503079
13.379096
9.326707
11.798759
7.785982
9.522827
10.409867
8.892058
9.964704
12.040289
10.340487
11.974338
7.082909
11.383405
7.533389
9.829364
10.147183
8.707595
9.542921
11.211691
10.207463
11.448025
7.083055
10.993772
7.514603
9.185273
10.090003
8.646433
9.194577
11.696439
9.886505
11.358011
7.363253
11.580536
8.077211
9.953445
10.795794
8.980874
8.557037
11.839426
10.276156
11.898127
7.095690
11.072571
7.244316
9.111179
10.030442
8.652753
9.918071
11.354081
10.002865
11.359025
7.260887
9.958873
9.455188
10.877980
11.104184
9.593139
14.235260
11.176173
9.140109
10.910647
9.155865
10.280722
9.984897
11.599287
10.739354
10.207798
13.023236
11.953416
9.865162
10.584322
10.203177
10.013723
9.821424
11.243112
11.009005
9.589500
13.669016
10.954569
9.084128
10.619416
9.608720
9.333793
8.988252
10.853610
10.132729
9.348722
13.318153
11.218935
9.056577
9.283580
9.761628
7.009851
8.976491
8.329524
9.193134
7.538963
13.480819
11.756909
9.517635
7.737868
10.510225
7.040586
8.740140
8.433659
9.428334
7.823554
13.264785
11.581067
8.924495
8.144859
10.305467
7.070274
8.941700
8.524347
9.436148
7.938634
13.235251
11.978773
9.493265
8.234523
10.552730
7.219045
8.705291
8.434449
9.490103
7.747477
12.154405
12.032176
9.030705
7.856247
10.729099
7.300770
8.510512
8.132527
9.237523
7.997607
15.270701
10.830326
9.167194
8.401453
10.239383
7.610710
10.954676
10.010640
9.111023
9.251402
14.635095
13.771463
10.976509
8.850139
10.961745
7.985121
11.130554
10.576907
8.931332
9.441670
14.772854
13.924996
11.091560
9.167864
11.256101
7.935290
10.992325
10.147288
8.737730
9.220509
14.726350
13.984574
11.705255
8.921229
11.392627
7.934955
11.150276
10.405878
9.699248
9.887887
12.263408
14.229874
10.122713
9.303243
11.898850
7.139793
9.612625
8.755183
8.571148
7.863052
15.213193
11.792530
10.763846
7.891117
10.500210
11.462366
8.304938
10.755156
10.214202
9.743610
11.719314
7.710909
11.695703
10.143806
11.670136
10.142076
8.344926
10.692840
9.808171
9.352083
11.580948
8.565826
10.009870
9.402207
10.403018
9.488217
7.832008
10.086216
8.973183
9.009334
12.509940
9.120966
9.436188
8.932855
9.588265
9.766667
8.920840
10.960984
10.186215
9.395723
12.646871
9.441685
9.757967
9.086970
10.318009
9.989184
8.018565
9.870410
9.491779
9.273586
12.022452
8.520848
10.483594
9.474832
10.204172
15.498156
10.802586
13.269291
14.163749
12.713880
8.162232
13.951812
14.263943
15.123201
11.322620
8.747549
9.111513
8.410345
7.914344
12.868396
9.478295
10.130598
8.556883
8.067874
10.056086
9.850800
9.976330
9.197919
8.505196
13.735376
12.383414
10.240014
8.441078
8.554233
10.486778
10.901201
10.432420
9.499972
8.730511
11.722640
13.312350
10.498094
8.983430
8.826063
11.732721
9.506111
9.354158
8.722809
8.169605
15.113041
11.666470
10.827055
7.817586
8.407770
10.010223
10.077141
10.491235
9.527729
8.895302
12.514181
12.153544
10.986770
9.429744
9.056759
10.950817
9.987761
9.276611
8.204472
8.689458
11.460811
7.426988
10.508941
9.594314
9.206474
7.799244
10.280541
9.401215
9.207690
9.465813
9.455114
8.586964
10.057624
9.825143
9.902742
9.297037
11.736095
10.389207
11.014434
10.747669
7.561764
8.790578
9.604425
11.577397
11.625736
10.389839
10.832200
9.728529
9.543078
9.282751
10.056308
7.930878
10.316899
10.021455
10.389383
8.815664
10.730590
9.933409
9.015769
9.368725
11.373778
7.589321
10.464619
10.310069
10.229045
8.091264
9.350775
8.323828
9.442628
8.995205
10.586193
9.864903
10.493100
9.103913
9.828512
9.676759
9.324217
8.130603
9.303244
8.953490
10.901024
8.907420
10.619337
9.150189
9.966884
9.581144
9.219861
8.301941
9.424902
9.135421
11.612003
9.115845
10.993539
8.959408
9.958793
9.575295
10.822438
8.011043
10.549900
9.586861
11.561421
8.979196
10.226612
9.507940
10.784108
8.966335
10.280384
7.588782
9.380533
8.637920
11.217015
8.009027
10.019425
9.159213
10.185237
8.272896
10.295578
8.884958
10.428008
9.253670
13.555675
9.367171
11.510224
10.323467
9.707689
9.745713
8.438733
8.750869
9.888853
8.702820
13.401369
10.089224
11.607496
9.993880
8.143079
10.167756
9.197077
8.506600
9.066039
9.124107
10.521934
9.794439
10.921469
9.753634
9.135720
9.994195
8.869878
9.614678
10.009730
9.308490
12.519444
11.162336
12.162850
10.089609
8.938652
10.691853
10.037960
8.963223
10.208327
9.325380
11.625802
9.885892
11.690983
10.617004
9.380261
10.641113
9.956202
8.880321
9.880048
9.955615
9.591584
9.646346
10.555816
9.547062
10.003413
10.824212
9.440533
8.124585
9.264986
9.221282
10.372251
9.004026
9.997445
8.919757
9.507848
9.908854
8.932837
9.169114
9.968613
9.504583
11.570956
10.639126
10.533267
8.652338
9.160385
9.919726
8.709253
9.648124
10.257057
10.018744
10.792316
11.494717
10.384866
8.893134
9.088859
11.336235
8.009359
8.893968
7.599061
9.810070
10.554863
8.790992
9.590865
6.049269
8.781865
4.691271
14.013256
9.849612
11.735931
12.603831
11.660833
7.678649
12.443500
12.949940
14.235286
9.671406
14.222656
9.764111
11.655980
12.908034
11.794147
7.556514
12.225611
13.128430
14.170298
10.641818
15.436054
10.950388
13.137925
13.956922
12.862880
8.301325
13.241203
14.161037
15.055128
11.505763
15.026801
10.680676
12.935357
13.201688
12.580584
8.617695
12.355980
14.017681
14.330912
11.047192
12.052988
8.458643
10.804371
10.746031
9.439921
10.224008
12.585784
10.812263
12.337109
8.170960
11.884902
8.303314
10.290253
10.511762
9.315752
10.478248
12.552861
10.919596
12.108360
7.840786
11.548247
8.247017
10.567319
10.175606
9.157715
9.775902
11.681563
10.638903
11.551412
8.098734
12.200099
8.643714
10.947757
10.969619
9.676832
9.968120
12.689685
10.879268
12.404790
8.549056
11.910924
8.485418
10.426952
10.747542
9.449163
9.138869
12.545674
10.993875
12.127173
8.934879
10.799099
9.326310
11.094196
11.561710
10.211334
10.003574
10.879545
10.470500
10.941458
10.619524
11.395521
9.017350
10.820862
11.293142
10.527191
10.221919
10.456582
10.443356
11.447151
9.561118
10.384262
9.029184
10.400392
10.379190
9.735761
11.890484
11.370855
9.873565
10.290277
9.635031
12.261947
10.405268
12.238447
13.133073
12.188114
9.703516
10.882042
11.808104
12.400974
11.521614
11.439124
9.524563
11.448181
11.328675
11.117215
11.494535
11.517644
10.827971
11.538191
9.016650
7.663726
8.790883
9.465563
8.942724
7.792756
15.049883
10.692278
9.785910
8.706217
9.169189
7.472434
8.731875
8.842015
8.986313
7.712876
12.141579
11.112516
9.933054
8.134929
10.242761
7.359353
8.420934
9.152632
8.870430
7.283477
12.291436
10.221208
9.454322
8.202785
9.544445
7.544174
8.547004
9.200068
9.289047
7.532222
11.152449
10.836086
9.365264
8.353170
10.550551
7.994865
8.741053
9.646840
9.580018
7.752831
11.558802
10.637424
9.338105
8.730437
10.487762
8.850385
9.705684
9.990882
9.121495
8.912757
12.489957
11.636369
10.444799
9.130292
9.776724
8.893568
9.816819
10.126065
9.237427
8.790689
12.493347
11.790083
10.053702
8.984441
9.843616
8.581778
10.205838
9.967929
8.724359
8.705045
12.375711
12.603588
10.533485
9.008961
11.062776
8.461049
9.222206
10.122739
7.822864
8.247911
14.650337
10.813297
10.793831
9.044558
9.817163
7.280006
8.840540
9.319817
7.386612
7.534390
15.660362
11.176557
10.402462
8.050394
9.883444
11.283067
8.556063
11.130731
9.990598
9.914220
11.105563
8.423241
11.041640
10.534958
11.422977
11.880771
8.403376
10.347240
11.318078
9.954481
10.468406
7.073380
12.600690
10.469721
12.463441
11.178688
8.875554
11.265098
9.917942
10.025143
11.536009
8.885265
11.012326
10.605514
11.245655
11.197167
9.145088
11.424052
10.079097
10.002908
12.987309
8.766787
11.199727
10.410309
11.370262
10.987337
8.634417
11.088018
9.941860
9.961725
12.011651
9.102096
10.648386
10.405128
11.220682
9.993757
8.056673
9.300818
10.296714
9.410171
10.549789
9.966169
9.020564
10.370471
9.695809
8.654410
9.189856
8.005184
7.229784
14.544641
11.161521
9.741306
7.203921
7.448655
9.702591
9.851381
10.279658
9.731394
8.464861
11.944962
12.360531
9.322594
8.199168
8.473583
10.024189
8.863529
9.420883
9.083479
7.720829
13.230364
10.990666
8.941087
7.330626
8.268284
9.670625
9.628144
10.026462
9.535342
8.334182
13.027512
12.619872
9.279683
8.038163
8.309510
9.857670
9.283657
9.968533
9.649025
7.781855
11.886683
11.582672
9.580731
7.543623
8.467664
11.072695
10.654375
9.410389
9.664866
9.224570
11.521235
7.455827
10.027389
9.402539
10.345617
7.222157
10.783588
9.134319
10.348615
9.675365
9.065531
8.476966
9.280921
9.658605
11.200034
7.947230
10.506141
8.467417
9.937214
8.949430
8.112558
8.123530
9.186587
9.245179
10.855209
7.033065
12.520503
10.162566
12.710628
11.430150
7.506211
9.279619
9.116175
11.345212
12.596705
10.178057
11.757273
9.415076
11.388153
10.224425
8.690147
7.556322
10.792163
10.555549
11.826329
8.228511
10.881587
8.107881
11.309509
10.099449
8.601149
9.228335
9.844871
9.872936
11.500912
9.868576
10.169420
8.547810
10.766318
9.839381
9.619217
10.220169
9.036138
9.426318
10.881149
9.467285
9.089435
7.048770
9.137693
8.384362
10.961198
8.430697
9.486784
7.877402
9.643841
8.686438
10.822438
8.011043
10.549900
9.586861
11.561421
8.979196
10.226612
9.507940
10.784108
8.966335
10.301191
8.371183
10.509433
9.413270
11.081171
9.810900
10.587953
9.094494
10.846979
9.815534
8.313879
7.914835
9.380283
7.915039
13.599288
8.814319
10.173352
8.599374
8.078813
8.461666
9.067344
8.142789
9.058154
8.326186
12.408420
8.600198
11.149300
9.289243
8.800362
7.327615
8.289607
9.397402
9.167412
8.200336
12.992416
11.200674
10.396091
8.472444
8.837921
9.682752
8.284301
8.622585
9.071022
8.400975
11.406361
9.962198
11.418779
9.236575
8.339071
9.597670
7.443714
8.565053
8.573302
7.774515
14.667551
10.048564
11.235915
7.965428
8.256796
9.206819
10.373961
9.104832
10.361096
11.403876
9.938693
12.487559
11.695188
9.208736
10.859206
10.628964
12.618851
10.057543
10.991212
13.964758
12.370082
8.933319
10.706915
11.492572
12.772021
12.297874
9.617190
8.499828
9.104872
11.118891
9.394444
12.208431
11.005746
8.439537
10.045112
9.870328
9.297078
8.117788
9.749237
9.743387
8.847978
13.518344
10.496312
8.231733
9.592502
9.342248
8.320050
7.984476
8.579962
9.473698
7.405253
13.386797
10.013237
8.412595
8.769933
8.971676
8.550446
8.360006
9.020040
9.966213
8.526036
12.643704
12.013811
8.022395
8.594514
10.170643
8.717541
8.458935
9.072322
9.772144
8.489337
12.742104
11.785998
7.999915
8.754655
10.356584
7.804567
7.462704
8.501238
9.165329
7.344369
11.206175
10.101517
8.030218
8.133440
9.043750
7.599288
7.642165
8.368384
9.143296
7.256166
12.132637
10.298491
8.147576
8.082275
10.068335
7.434034
8.877412
9.237334
8.779257
7.523879
13.218736
12.155774
9.039464
7.713687
9.917744
7.275185
8.941236
9.307474
8.682793
7.206108
11.835554
11.973477
8.832572
7.595729
10.230761
7.585819
8.487183
8.608706
8.585418
7.258874
13.790015
10.987608
9.424712
6.857039
10.094726
7.565929
7.532248
8.570422
8.058890
6.907830
12.900795
7.932130
9.126768
7.502864
9.182567
7.611805
9.327053
8.937100
9.312183
7.597003
16.415520
11.820190
9.921843
7.492405
10.360232
9.556925
7.484071
8.467358
9.945259
8.848977
9.714789
8.200693
10.779883
8.953797
10.401612
11.880771
8.403376
10.347240
11.318078
9.954481
10.468406
7.073380
12.600690
10.469721
12.463441
11.114669
7.710302
9.960435
10.473452
9.189241
9.491342
7.031163
11.574173
9.722810
11.439530
10.344058
7.366712
9.314313
9.321724
9.008346
12.107671
7.201833
11.298009
9.354956
10.535192
10.350619
7.182050
8.321702
10.055667
9.158502
9.652116
7.023985
10.987708
9.308287
10.722188
7.417831
7.947987
8.328015
7.624017
13.528497
9.209559
10.076657
7.436085
7.461124
9.162480
8.684806
8.217959
8.759521
9.632892
10.613725
10.131406
8.802500
7.951007
9.107123
10.410455
8.421044
8.265626
8.846566
9.285006
12.017510
9.295879
9.206353
7.428876
8.897010
9.259860
8.799142
7.246753
8.059968
9.087327
8.252665
7.569406
9.858684
8.206212
9.208257
9.533449
7.700775
7.785944
7.229233
8.454043
11.716220
9.716405
8.913160
6.855171
8.073556
8.181937
13.513777
9.221167
11.281166
11.843690
11.283305
7.652840
11.745817
12.030924
13.589932
9.097814
13.908267
9.614515
11.754793
12.930249
11.745638
7.982692
11.323635
12.413839
14.289760
9.548406
15.168559
10.536379
12.708018
13.970955
12.671259
8.342735
12.699385
13.586320
15.448285
10.659631
14.241548
10.161719
11.681287
13.488608
11.916508
8.287473
11.097785
12.984244
14.168386
11.370420
14.123367
9.614991
11.773742
13.083328
11.882508
7.595231
12.018983
12.534421
14.457919
9.418339
14.382311
9.668176
12.204208
12.897499
11.045144
9.440630
15.011875
12.452428
14.742199
8.140583
10.905113
7.525722
9.497729
9.835839
8.786628
8.658151
11.360276
9.917781
10.956397
8.418843
10.416524
7.218506
9.289707
9.340683
8.725680
8.904005
10.725784
9.632991
10.349455
8.529110
10.618942
7.469248
9.088828
9.629556
8.812056
7.655981
11.285284
9.949552
10.504287
8.475064
10.325962
7.213456
9.147121
9.377159
8.459361
9.841745
11.047121
9.299787
10.622746
7.447352
13.528347
9.710297
10.600547
13.201534
11.374148
7.861549
11.401639
12.149919
13.809502
10.661595
9.022922
8.459086
9.261802
8.638223
13.379748
11.372156
10.616819
8.216487
9.355729
10.803848
10.385944
9.938045
9.836682
8.889168
14.836648
13.439526
10.562130
8.484580
8.945651
11.742264
9.800635
9.034914
9.962985
8.270804
16.166635
12.466808
10.602879
7.782920
8.834108
10.786082
10.033221
8.235356
10.933651
8.821303
12.585718
13.420273
9.716603
7.709647
9.244078
12.310859
9.674654
8.907168
10.284568
8.312330
14.355638
12.057040
9.971043
7.485197
9.264903
10.709983
9.601167
8.734098
10.009867
8.991330
9.644516
8.762565
8.183102
8.892621
10.392929
8.182854
9.746304
8.684377
9.610113
8.588148
12.574017
8.384977
9.823053
8.945804
10.298804
8.192286
10.245425
8.986817
10.478739
9.394225
9.284211
9.194733
8.368720
9.316167
11.064385
8.572886
8.773752
6.514477
8.546997
8.499553
7.759434
6.224377
9.228650
6.847906
9.950995
3.842166
9.555129
7.999484
9.570284
8.706374
11.074082
7.914242
9.952890
8.830795
10.258396
7.358031
8.057941
9.053418
9.633353
8.595576
16.295997
12.356191
10.322450
7.945407
8.967357
9.916956
9.152535
8.995851
10.273855
9.055499
10.563902
10.275379
8.674027
8.742923
10.397930
10.099472
8.696264
10.018266
11.056956
9.419937
14.967096
13.227037
9.814482
8.175005
9.942370
11.614643
8.218742
9.459721
10.502994
8.615717
14.623165
12.358723
9.748983
7.567108
9.605565
10.494661
9.049442
11.257706
11.893586
10.338296
14.259817
14.269970
9.979943
8.738183
10.732474
10.364629
9.067344
8.142789
9.058154
8.326186
12.408420
8.600198
11.149300
9.289243
8.800362
7.327615
7.737220
10.989808
10.022374
8.898163
17.388716
13.550317
12.653860
8.536157
8.913304
11.538867
7.579747
10.067379
7.875875
8.273699
14.316021
12.749411
11.766932
7.902983
9.128347
8.708870
7.295691
9.945934
8.649512
8.348908
16.907097
12.858762
11.938739
7.708043
8.894662
10.772884
8.100865
9.508862
8.366071
8.829665
12.177042
10.045170
12.245363
8.548918
9.618743
10.454593
8.006026
9.378109
9.132782
10.194707
12.692603
11.663276
10.203707
7.410440
9.020885
10.998211
9.393056
11.140931
9.921278
11.498921
11.786251
13.384497
10.523084
8.877575
10.109919
12.454452
8.802374
10.095661
9.021731
11.381098
13.487327
12.426071
9.748256
7.792968
9.605748
11.400823
8.032640
9.474435
9.372735
9.863471
16.073130
11.305115
10.284671
7.508167
9.082337
10.062994
8.009359
8.893968
7.599061
9.810070
10.554863
8.790992
9.590865
6.049269
8.781865
4.691271
14.624488
10.614084
11.843809
14.132200
12.471381
8.488257
12.143993
13.355330
14.982836
10.512567
14.042938
10.451620
11.733612
13.401969
12.011682
8.274469
11.877733
12.795835
14.517074
10.304170
14.241548
10.161719
11.681287
13.488608
11.916508
8.287473
11.097785
12.984244
14.168386
11.370420
14.523458
10.572704
12.119694
14.670741
12.768255
8.493161
11.782216
13.380142
15.165616
10.531279
13.153479
8.832884
11.047877
12.544210
10.432474
9.677472
13.543538
11.322165
13.658503
8.734030
10.536856
7.910824
9.166024
9.819913
8.568569
8.118183
11.379541
9.982773
10.828762
8.772129
11.038309
7.961227
9.168476
10.547401
8.850327
10.939982
11.514280
9.978742
11.505551
8.261217
10.888763
7.538345
9.118507
10.345070
8.555927
10.383339
11.639282
9.616455
11.518612
7.464519
12.237061
8.470200
10.341505
11.836231
9.691856
9.066958
12.916646
10.953740
12.891030
8.278816
9.368924
8.922349
8.564919
10.621985
9.158969
12.163990
11.313293
8.517388
9.023389
5.025702
11.193584
9.785666
10.568545
12.914827
11.258288
10.766582
11.520845
10.533933
11.433302
10.353244
8.894842
8.267636
9.335010
10.551580
8.320382
14.672078
10.587391
7.678261
9.588681
9.337890
9.026543
7.652989
9.381320
10.064405
8.399125
15.193634
10.434323
8.113612
9.416962
8.945255
10.747283
10.352275
10.235638
12.528568
10.852279
12.192990
11.606138
9.847484
11.563621
8.932075
8.347948
9.392158
8.563280
10.890375
8.054263
13.239893
12.291007
9.219321
9.183326
10.940578
8.972316
10.180027
9.371897
11.354263
8.952483
13.456152
12.876775
9.679499
10.105255
10.931888
8.572903
9.895373
9.113678
10.674257
8.231368
12.006973
13.053751
10.020572
9.159836
12.094242
9.216931
9.581297
9.084014
11.197769
8.497245
11.287920
12.612912
8.864486
9.527218
12.019165
8.424053
9.396696
7.767763
10.678282
8.070236
14.143154
12.183057
10.011381
9.260191
10.483011
7.880451
9.525659
9.153454
9.181662
8.302072
17.568085
12.282091
10.870504
8.209967
10.446662
8.049517
9.537004
9.243047
9.748337
8.336407
13.703135
12.352054
9.785264
7.882863
11.306999
9.569743
11.196722
10.646245
12.352445
9.873400
13.606543
12.955295
9.597534
9.398162
10.849375
7.947026
9.288829
8.530736
9.597946
8.150097
15.988086
12.087314
10.603627
7.716148
10.359864
7.611805
9.327053
8.937100
9.312183
7.597003
16.415520
11.820190
9.921843
7.492405
10.360232
9.556925
7.484071
8.467358
9.945259
8.848977
9.714789
8.200693
10.779883
8.953797
10.401612
11.558296
7.784208
9.827334
11.347224
9.723101
10.095424
6.949593
11.367981
10.252749
12.437412
9.605504
6.916438
8.664057
9.554058
8.781360
12.520577
7.257251
10.686492
8.928728
10.357153
9.671745
7.079622
8.344393
9.887649
8.810554
12.582610
7.541406
10.625413
8.960539
10.553645
10.945848
7.224653
9.022789
10.718035
9.392851
9.553165
7.035250
10.895637
9.944614
11.461910
14.843083
10.447062
11.999652
14.960860
12.106907
7.845922
13.893876
13.121120
15.187663
10.703761
7.392573
8.530811
7.847049
9.867433
7.972461
13.397499
11.225271
9.479586
8.723505
10.193685
9.670034
8.885286
9.958669
8.334568
14.140666
12.980407
9.833689
7.256308
8.382615
11.569021
9.203668
9.290424
9.129420
8.194409
16.373539
12.173204
10.005727
7.718729
7.922933
10.298639
10.277871
10.185940
9.399120
8.918891
13.829695
13.579752
10.166012
8.187940
8.371434
11.159759
9.237451
8.841814
9.393594
8.101258
14.832357
12.248407
9.736226
7.307796
8.330926
10.431267
9.099638
8.826129
8.914978
7.936514
16.233416
12.018980
10.370292
7.286832
8.188663
10.421130
9.803612
8.181138
10.671689
9.258304
9.172533
8.403415
8.258759
9.012112
10.207824
8.970253
10.461490
8.781056
10.169775
9.427484
9.244364
7.897525
9.265494
9.512278
10.583911
8.311024
9.807503
8.773286
9.880261
8.897215
10.068030
8.899950
7.951124
8.550428
10.181145
8.252062
11.348834
9.325683
11.814496
10.412286
7.985903
8.778115
9.051287
10.441634
11.272612
9.846401
10.363767
8.373977
10.374533
9.204135
8.915354
7.392540
9.721028
9.554352
10.506333
8.424377
9.258621
7.721093
9.071633
8.527424
13.689239
9.096832
10.510110
8.636066
9.756889
9.173640
9.266760
8.337925
9.685325
8.548587
10.128177
9.424889
10.551721
8.535573
9.852562
9.910500
9.282003
7.767919
9.722432
8.441419
10.782434
9.501443
9.648192
8.448368
9.911505
9.480188
10.650549
8.225898
10.645435
9.800629
9.084591
8.614947
10.359037
9.766287
11.239335
9.563136
9.442763
8.046934
9.920224
8.846024
11.687922
9.806506
10.247064
8.509803
9.929374
9.581625
7.778958
8.374196
8.885841
8.354320
12.642647
9.671581
10.910106
8.712274
7.766891
9.482452
7.625136
8.478985
8.825313
8.313486
14.515391
10.082758
10.755817
8.557721
7.559224
9.408690
8.162769
8.665547
9.451536
8.682016
11.956722
9.472430
10.962794
9.276960
7.981271
9.376545
7.740982
9.003382
9.315017
8.618774
11.753040
10.660977
11.081328
9.147224
7.935032
10.087504
7.924077
8.513484
9.709704
8.447368
15.392489
10.239734
10.473353
8.853619
7.545249
9.336639
8.199828
8.268237
7.804232
8.932463
12.022763
9.245701
10.834045
7.630382
8.642134
9.423417
8.224433
8.154888
7.991866
9.139601
11.671311
9.284912
9.883212
7.249861
8.657423
9.649530
8.328576
8.254318
7.905834
9.315208
11.164001
9.203677
9.741218
7.400024
8.742349
10.114252
7.667053
8.230543
7.537946
8.865412
12.835400
9.339541
10.498912
6.934053
8.408905
9.272640
7.686298
8.701986
8.680097
9.507353
15.883103
11.318013
9.693337
6.755534
8.104005
10.300730
14.461150
10.175263
12.042381
14.660089
12.471480
9.358248
12.114485
12.815124
14.544143
10.271537
14.430024
9.754194
11.487581
14.113237
11.604088
7.748629
13.507945
12.813413
14.771268
10.037820
13.836472
9.249468
10.705840
13.839703
11.392232
8.055749
12.527946
12.376463
13.916914
10.214141
14.496499
9.907473
11.524182
14.453806
12.078925
8.412802
12.799033
13.136690
14.335748
11.263611
13.153479
8.832884
11.047877
12.544210
10.432474
9.677472
13.543538
11.322165
13.658503
8.734030
12.583004
8.463554
10.649985
12.106521
10.091724
11.331647
12.531469
10.897545
13.114701
8.126078
13.195438
8.760604
11.136376
12.593298
10.510949
10.003872
13.286349
11.467591
13.806622
8.330974
13.970712
9.180473
11.651212
13.210413
10.902600
10.183107
14.099294
12.051896
14.597618
8.713110
13.208786
8.621727
11.074021
12.488019
10.357887
10.188859
13.822533
11.447906
13.832714
8.252298
10.533536
9.744251
10.340498
12.237733
10.234073
12.495016
11.710720
9.073478
11.147500
10.240072
9.368924
8.922349
8.564919
10.621985
9.158969
12.163990
11.313293
8.517388
9.023389
5.025702
11.751039
10.686355
10.689534
14.228309
11.762518
11.447600
13.396261
10.640677
11.789727
12.778939
9.554318
8.420887
9.584543
10.813679
8.938447
14.213457
10.857957
8.206111
9.821535
9.175151
9.541629
10.211552
9.095034
12.603649
10.333297
13.151555
13.452492
8.440674
10.567617
10.027999
7.863721
9.010905
8.377159
10.296373
8.273264
15.406853
11.917318
9.770138
9.225365
10.511717
7.717726
8.681322
8.291368
10.072567
7.872220
15.785723
11.654071
9.468192
8.835251
10.361838
7.578086
8.932349
8.461646
9.851530
7.803093
16.522809
11.826654
9.954420
8.841252
10.152141
7.498158
8.491965
8.264331
9.842848
7.705997
14.217331
11.588641
9.486188
8.545278
10.935020
7.702398
9.725222
10.097264
8.767324
8.607928
16.791461
12.386390
9.822052
8.393185
10.747289
7.851132
9.744416
9.645440
9.878248
8.496662
13.672750
12.346765
8.902673
8.088214
10.858143
7.708147
9.963796
9.217963
9.477865
8.496109
15.316986
12.800055
9.971957
7.963450
11.498967
7.886118
10.076758
10.067359
9.257826
8.705147
15.627321
12.876722
10.386746
8.391008
11.773426
7.183790
8.889615
9.304282
8.293408
7.600852
13.404627
11.356410
9.316202
7.710044
9.130069
11.960761
8.467151
11.353998
11.987690
10.438862
12.711001
8.247495
10.243977
10.706989
12.558282
12.249739
8.561310
11.383827
12.138218
10.587849
12.468685
8.007213
10.817470
10.908672
12.764347
12.404763
8.387623
11.292521
12.207954
10.612655
12.132587
8.019682
11.245086
11.074526
13.050939
11.114302
7.366503
10.037891
10.395120
9.632581
11.483254
7.701901
10.921517
9.806935
11.248060
11.855453
8.113667
10.943279
11.692491
10.279282
12.394884
7.979122
10.660871
10.478130
12.307267
14.048525
9.415265
11.949460
12.575154
10.791622
7.805804
14.229711
12.117912
14.291314
8.732250
9.658416
9.453334
9.335344
8.366536
12.455007
12.536019
10.245807
7.856961
8.238631
11.272640
9.399582
9.722396
9.047966
8.291862
12.600510
11.452256
9.329788
7.838476
8.503335
10.223145
9.157298
9.081864
9.433581
7.928083
11.365626
11.842130
10.060034
7.389354
8.467344
11.230786
9.973203
10.571812
10.030546
8.969551
11.451358
12.299426
10.014773
8.786260
8.908385
10.819763
9.103034
9.434561
8.552257
7.461917
13.640071
11.020466
10.007874
7.099767
8.151336
9.492144
11.251039
9.470860
10.898260
10.113389
7.937650
8.053506
9.864165
10.318477
11.389677
9.378973
11.846258
10.521017
10.883145
10.869968
8.220113
9.121831
10.156194
11.070434
12.060121
9.730508
11.859250
10.413847
10.798223
10.853830
8.532751
9.253627
10.343733
10.910445
12.106053
9.852299
11.142498
9.963402
9.665462
9.514831
8.268594
7.856835
9.956831
10.530421
10.569909
8.781419
10.777684
9.250149
9.805543
9.252345
10.373028
7.908814
10.513372
9.771581
10.736394
8.901575
10.529625
7.799356
9.712657
9.342878
10.339296
8.470535
10.417771
9.823206
10.507576
8.970438
10.650549
8.225898
10.645435
9.800629
9.084591
8.614947
10.359037
9.766287
11.239335
9.563136
11.562608
9.220815
11.627467
10.648820
8.580241
9.412886
10.370049
10.602313
11.907830
10.750560
11.017739
9.172396
10.662064
10.424191
9.441873
9.647677
11.160497
10.491483
11.229677
10.405794
10.846453
8.426000
10.732935
10.003610
10.448280
8.868148
10.871972
10.041648
11.350324
10.195315
13.262415
9.100812
11.111803
11.906755
10.422569
7.729499
13.899497
11.704712
13.494734
8.877192
13.394745
9.273974
11.617499
11.860066
10.315947
9.179066
13.844859
11.746896
13.584157
8.080607
10.188312
8.462493
10.652679
9.748717
9.413819
12.101049
9.443905
9.099174
9.502668
8.396220
11.855699
9.770242
11.821173
11.846701
10.956389
11.646931
10.874649
10.741798
12.087801
9.153713
10.701276
8.998299
11.324851
9.932198
9.902497
12.129773
10.651213
10.021125
10.091725
9.009965
11.800912
9.950906
11.395739
13.254744
11.702287
9.492963
11.706120
11.313602
11.519672
11.849345
12.235451
10.530485
11.858169
13.143332
12.223253
10.969832
11.128359
11.515720
12.158376
10.197915
8.170154
8.392637
9.480299
9.964386
7.798468
10.898241
10.012197
8.713837
8.876969
9.258118
8.641411
8.001708
9.204606
9.662818
7.727367
10.526579
9.579703
9.019060
8.862650
9.388406
9.483080
8.744966
10.018935
10.919615
8.816922
9.548572
10.768163
8.774146
9.659119
10.876559
8.268709
8.763866
9.490821
10.127324
8.019118
11.407838
10.917055
8.567832
9.008936
10.544547
7.854544
7.967687
9.007815
9.349784
7.257432
12.780587
9.631524
8.753378
8.378179
8.862458
7.347296
9.721565
9.561322
8.697698
8.551811
15.279737
12.377212
9.946299
8.046303
11.007224
9.468447
11.402923
12.046112
9.842710
10.209406
12.007260
12.879288
9.939740
10.799825
10.789364
7.139095
9.289996
9.197191
7.685133
7.541615
13.246680
11.767398
9.685144
7.760722
11.243792
8.004168
9.071708
10.062470
7.760813
7.777691
14.634564
10.831589
10.177443
8.485919
9.696720
7.183790
8.889615
9.304282
8.293408
7.600852
13.404627
11.356410
9.316202
7.710044
9.130069
11.462366
8.304938
10.755156
10.214202
9.743610
11.719314
7.710909
11.695703
10.143806
11.670136
11.525197
8.104323
11.143317
10.076035
10.023733
10.686976
8.134547
10.717002
10.518659
11.481824
11.453264
8.116869
10.751477
9.898397
9.965167
10.204535
7.827827
11.681465
10.569827
11.500067
11.477417
8.257663
10.992882
10.285496
9.867210
9.535331
8.019309
11.522670
10.637988
11.484754
11.393657
8.181463
11.077725
10.372562
9.823281
10.559390
7.833406
11.079209
10.313701
11.674395
8.547485
8.354372
9.351100
8.613422
13.659512
8.583092
11.332870
9.349344
8.259876
9.127904
11.577167
9.178965
10.503235
9.860391
9.215890
7.972044
12.532527
11.399781
10.574515
9.940586
9.290057
9.161280
9.995909
9.412260
10.337687
9.555175
11.424282
10.415765
9.186359
10.517932
11.189206
8.845235
10.269603
9.702225
9.023298
8.351647
11.759907
11.235169
10.426593
10.374113
9.232975
9.049704
9.405387
9.454670
11.134911
9.404822
12.242148
10.436670
9.299615
10.276513
8.905191
9.154461
9.938727
9.894091
11.603069
10.977661
9.551498
8.488855
9.193889
9.757539
8.705289
9.389568
10.094712
9.585007
11.660076
11.138119
9.488791
8.351054
9.057694
10.603734
10.027090
8.819433
9.978682
9.666023
8.706692
8.678183
10.190199
9.678919
9.777000
11.119351
7.963918
8.782744
8.883444
9.597587
11.949628
10.622964
9.272702
7.326410
8.362890
10.607717
8.341974
8.517803
9.493523
9.099057
13.063822
9.870624
9.494227
7.661277
8.161838
9.212908
16.736315
11.372698
13.761542
15.357926
13.975018
8.389341
14.109004
15.148114
16.211338
11.881560
15.710653
10.273710
12.880428
14.277481
13.157197
7.781153
13.261034
14.337590
15.232444
10.881397
17.252047
12.033419
14.292685
15.953040
14.532946
8.872841
14.243531
15.739534
16.509857
12.051817
15.397155
10.423608
12.458256
14.322377
13.063151
7.851638
13.175846
13.893136
14.907865
10.690776
15.238787
10.095014
12.560055
13.942029
12.379849
7.238995
13.825678
13.758548
14.977150
9.874188
14.382311
9.668176
12.204208
12.897499
11.045144
9.440630
15.011875
12.452428
14.742199
8.140583
11.811889
8.029441
10.198391
10.525239
9.338243
7.941532
12.157414
10.668051
12.037018
8.493994
15.205442
10.641942
12.680970
13.562503
12.868063
8.268968
13.009028
13.534281
15.475097
9.943839
7.819172
8.812419
7.883153
9.209527
7.823415
14.564444
12.083042
10.012004
8.560106
10.300183
9.184501
9.432421
9.328038
8.377182
14.710168
12.125835
8.963836
7.661713
8.214920
9.854613
10.277871
10.185940
9.399120
8.918891
13.829695
13.579752
10.166012
8.187940
8.371434
11.159759
10.790313
10.579685
9.756229
9.286424
11.889174
13.395481
9.733324
8.549420
8.658246
12.088162
10.246744
9.924638
10.343928
8.663896
13.239904
11.725284
9.234801
8.139351
8.901874
9.581152
9.631594
9.448812
9.866614
8.677424
12.657239
13.067757
9.118752
7.814790
8.149845
10.222391
10.582581
9.306259
9.938025
9.242006
11.269256
6.966336
10.117305
9.747493
10.412300
7.822326
11.719388
10.253740
11.509892
10.464517
8.310042
8.808347
8.642653
11.020762
11.625562
9.871948
11.368430
9.718919
11.506506
10.568189
8.029637
9.183056
9.145770
10.423166
11.871130
9.614228
11.118150
10.580273
10.265737
10.004228
9.349802
9.569213
9.719942
10.278318
11.219678
9.575761
10.000727
9.291664
9.318995
8.583313
9.983436
7.304940
10.063222
9.071381
9.999725
7.646869
10.661476
7.547997
10.419241
9.524287
9.490022
8.704829
9.901789
9.455465
10.861947
9.119171
11.512838
8.285595
11.144289
10.265275
9.026417
9.406893
9.642518
10.237748
11.750037
9.410140
12.679895
8.660446
11.918610
11.007552
8.714372
8.898111
11.120419
11.101663
12.339124
9.326176
10.340151
7.733971
10.398330
9.479914
11.777002
8.892238
10.089169
9.229613
10.637267
8.904801
10.822438
8.011043
10.549900
9.586861
11.561421
8.979196
10.226612
9.507940
10.784108
8.966335
9.197077
8.506600
9.066039
9.124107
10.521934
9.794439
10.921469
9.753634
9.135720
9.994195
9.224367
8.282063
9.404669
8.997586
10.494996
9.087195
10.636514
9.816824
9.122444
9.804753
8.560595
8.374829
9.004650
8.710648
9.639679
9.423301
10.829049
9.561924
8.977600
9.554511
7.263270
9.499454
9.427775
8.100151
12.818393
12.321771
11.674763
8.292858
8.451663
10.152763
9.778982
8.708634
9.386445
9.569545
9.803291
10.060039
10.776223
10.114665
9.989735
10.445536
7.813488
8.336482
7.873759
8.771753
10.563765
9.129468
9.970877
7.528873
8.730133
10.129435
7.943722
8.518276
8.302356
8.458194
10.520158
8.845735
9.972899
7.737210
8.571695
9.660283
7.443950
8.214326
8.008676
8.528381
10.696557
9.318400
10.099721
7.264877
8.268882
9.672429
7.586106
7.618411
6.921879
9.008573
12.606421
8.429596
9.105441
6.825288
8.095297
9.056326
7.789058
7.620448
7.843222
7.711653
10.831089
8.458052
10.533022
7.798701
7.973942
8.951894
14.758907
9.961168
11.807984
13.543147
12.251103
7.013880
13.136062
13.344994
14.879794
9.689791
15.385971
10.377547
12.281999
14.960381
13.200830
7.548812
13.236678
14.245276
15.366952
10.774973
15.117193
9.886421
12.064030
14.587215
13.014068
7.655120
12.542491
13.824459
15.244561
11.162320
16.375520
11.234581
13.279252
15.386039
13.689462
7.779252
14.764551
15.094337
16.097398
11.355710
12.681925
8.833901
10.775756
11.645338
10.009808
9.230102
13.882020
11.347595
13.215659
7.382147
11.309535
7.805825
8.951309
10.382524
9.029336
7.494600
12.192441
10.192993
11.501978
7.691329
11.861074
8.218832
10.050917
10.870156
9.386265
8.562975
13.237402
10.821387
12.277878
7.449443
12.622814
8.613277
10.276970
11.786958
10.084656
8.418101
13.526655
11.191092
13.081605
7.945022
13.122848
8.696000
10.876988
11.892647
10.150680
9.235245
14.048133
11.676687
13.510969
7.668712
11.447248
9.915995
11.280632
12.498169
10.864069
10.719955
11.684116
10.286216
11.748776
10.835899
9.718619
8.878470
10.567595
10.282263
9.272874
11.942099
11.258388
8.947433
9.737982
10.233468
10.547753
9.756325
11.305832
10.925703
10.159900
12.254321
11.917081
9.635728
10.713231
10.650234
12.209934
11.269097
11.328001
13.670808
12.601427
11.416402
10.623695
11.127681
12.685668
9.697868
9.479433
8.714792
9.368387
11.146804
9.578889
14.129966
11.266234
8.613835
9.982740
9.630690
7.352220
8.695193
7.856927
9.121213
7.577984
14.794145
11.654567
10.099131
8.331026
9.905160
7.338880
8.680224
7.674729
9.540634
7.784718
12.873374
12.071864
10.471357
8.559544
10.478040
8.318575
9.723998
8.213695
10.410337
8.498439
12.410592
12.691842
10.479632
8.969297
10.756198
7.392573
8.530811
7.847049
9.867433
7.972461
13.397499
11.225271
9.479586
8.723505
10.193685
7.347296
9.721565
9.561322
8.697698
8.551811
15.279737
12.377212
9.946299
8.046303
11.007224
8.045124
10.681315
10.118102
9.396202
9.072014
12.343172
13.550198
9.723296
8.944509
9.391144
8.017163
10.547782
10.536152
9.461990
9.012525
14.415372
13.317920
9.570210
8.588549
10.978985
7.183790
8.889615
9.304282
8.293408
7.600852
13.404627
11.356410
9.316202
7.710044
9.130069
7.241224
9.190766
8.372862
8.531707
7.607976
13.646723
11.585356
9.268507
7.589708
8.667298
11.880771
8.403376
10.347240
11.318078
9.954481
10.468406
7.073380
12.600690
10.469721
12.463441
10.119599
7.492432
8.822674
9.768092
9.020336
9.969985
7.290376
11.731449
9.256269
10.620017
12.354541
8.326125
10.509379
11.361924
10.215380
10.857110
6.726978
13.358148
10.833861
12.915552
12.090618
7.561073
9.693627
10.943348
9.747675
7.860321
5.901175
12.508038
11.000571
12.155918
12.791007
8.154347
10.482850
11.470574
10.253214
8.765660
5.896447
13.651639
11.598709
13.208726
