5.664856
8.318399
6.723770
7.223524
7.793845
7.490478
7.101020
6.768370
7.294305
8.188076
6.393870
6.113684
6.747953
7.365364
6.760644
7.204004
7.503859
7.548652
7.708400
8.164061
8.359463
7.009956
6.829063
6.977634
6.696962
6.840266
6.649864
5.851229
5.841232
5.904618
6.052958
6.094269
5.436319
6.752718
5.609888
5.548302
7.133301
6.555716
7.114211
8.256558
6.376905
6.375380
6.958556
7.053685
6.406961
6.686768
8.360020
7.453045
7.305335
7.626811
5.736257
6.512417
6.282333
6.812473
5.784115
8.237271
7.185337
7.283233
6.962509
6.833890
6.939110
6.913561
7.217492
6.755259
8.064423
6.692173
6.306185
8.215136
7.373310
7.928987
6.620006
7.765688
7.986470
6.581676
6.793756
6.616641
7.607593
7.441299
7.193156
6.904191
6.984253
6.938970
6.897229
7.042354
8.027357
8.225466
9.257461
7.509738
7.503622
6.775770
6.929622
8.100374
7.197512
6.812473
8.344256
9.489497
10.660871
8.468920
8.560282
7.575142
7.489103
9.088038
5.579127
5.732758
6.452369
7.892465
6.953205
6.492437
6.747251
10.344690
6.892861
7.208115
8.174421
6.818862
7.401321
7.496586
8.679783
7.871697
8.789729
6.516908
7.537986
7.366490
8.043464
7.962035
8.763924
7.159454
9.556832
9.919205
8.627595
10.418098
11.282432
8.275290
8.606710
8.545852
6.961899
7.212350
9.088038
6.261147
5.767724
6.399524
5.700812
6.066969
6.587447
6.869579
6.199912
6.022150
7.909803
7.730998
7.711112
7.862184
7.865838
8.400706
7.264892
7.512707
7.470080
8.125333
7.968894
9.320410
8.245528
8.209507
6.637753
8.143648
8.371967
8.074050
6.626525
7.477169
6.500921
8.706195
8.164492
7.366063
9.398540
7.563988
7.631318
7.894940
8.669597
7.993785
7.810255
9.001172
8.962699
9.309494
8.511803
9.061932
9.841199
9.164895
8.955582
9.653451
8.207472
8.454048
7.888709
7.942554
7.553503
7.225143
8.263909
10.621414
9.283886
8.503716
8.900656
8.117088
8.408751
7.560274
8.100374
6.812473
9.914768
9.031711
9.238191
10.578034
7.893372
8.868821
7.660843
7.434071
6.320731
6.223487
5.579127
6.369173
6.452369
6.741383
8.954374
6.950967
6.471144
6.731557
6.431991
7.326075
6.472909
6.469752
7.513502
6.136644
6.436556
7.606138
7.503884
7.632950
6.403661
6.992113
8.041403
6.398397
6.860268
7.295401
7.548652
7.818538
8.351826
8.887370
9.020570
7.368118
7.499593
6.553252
7.058042
5.540797
6.639121
5.600727
5.700812
5.695252
5.669997
5.387353
5.436319
5.609995
6.067450
7.724855
6.752392
7.341170
6.966802
7.001731
6.885696
7.414297
7.883336
6.452601
8.776921
7.485335
8.332637
8.196111
7.309209
6.516159
6.795512
6.606386
6.744380
7.108677
8.151847
5.653841
6.673570
7.239267
7.878912
7.366063
7.205326
6.547099
7.194356
8.302162
7.487556
7.316783
7.010148
7.159454
7.857949
6.570094
7.347279
5.475920
5.652182
6.540025
5.957460
6.820502
6.382820
6.788226
7.237977
7.138291
7.906389
6.922502
6.869997
6.996439
7.968894
8.224547
7.223329
7.392188
6.736236
6.637753
7.060947
7.771287
6.666513
8.048928
7.335849
9.113971
7.491958
8.197599
7.084108
8.560282
7.880577
7.058042
6.442983
5.579127
5.903959
5.904618
6.556245
5.339686
5.561086
6.258969
6.651897
6.952451
6.857150
7.029146
6.885938
6.546378
6.740455
6.765890
7.156946
6.750031
6.280940
6.652050
6.712827
6.769669
6.007008
6.253454
7.477169
7.817936
9.788504
7.524674
7.470145
6.829063
6.689577
6.993116
7.777684
6.378977
6.798596
5.732758
6.044640
5.758621
5.486102
5.660792
5.436319
5.609995
5.625106
7.286128
7.076598
6.876771
6.948189
6.932346
6.907034
7.170175
7.024885
7.225143
8.208761
7.917545
7.963107
8.767705
7.606485
6.637753
6.242038
6.711898
6.621666
6.443449
6.620346
8.110804
7.257082
7.496819
7.029567
8.266635
7.104384
7.545473
8.081317
7.599836
7.226534
6.852617
6.468619
6.530559
7.765688
7.291357
8.004143
6.677496
7.602890
7.217167
7.397594
8.197599
7.660843
7.963060
8.019280
7.212350
6.071806
5.915293
6.422353
6.639121
6.240581
5.912721
6.293383
6.379166
6.114778
7.706007
7.276394
7.119593
8.232365
8.256558
7.452651
7.406090
6.982715
7.139026
7.587640
9.060325
8.706218
8.117828
7.715452
6.994362
7.020028
6.125338
7.349976
6.806305
7.781077
6.729514
6.303878
7.362829
7.266012
7.229717
7.122665
6.656891
7.420194
7.251379
8.188076
7.472151
7.424104
7.356349
7.020015
7.765688
7.420642
6.801052
7.548652
8.107362
6.653097
6.733998
6.430730
6.938921
6.212302
7.201744
6.966954
7.853066
7.872011
6.826385
6.558116
7.472355
6.867416
7.692738
6.831449
7.902771
7.550830
6.125338
6.712721
6.340589
6.879241
7.149989
7.579468
6.937438
7.291082
6.905916
6.164990
6.288039
5.821740
5.882289
5.994576
5.936996
6.102194
6.492437
6.166839
5.689698
6.044640
8.058882
8.193231
7.699662
7.997066
7.874571
7.146220
7.435433
7.350091
6.516908
6.592939
7.682366
7.345469
7.262728
8.584318
8.527093
7.548652
8.956216
9.225260
8.844274
8.730823
7.463248
8.861610
8.154109
7.441719
7.212350
6.218020
6.529190
5.882289
6.391811
6.639487
6.752718
6.471144
5.686624
5.756398
6.770165
6.611571
6.352555
6.586535
6.675696
7.446273
8.188358
7.823804
8.018908
7.303601
8.213221
8.763351
10.368637
8.901363
7.902771
7.550830
7.402173
7.079032
7.575412
7.437517
7.585686
6.404816
7.072605
6.872921
7.366063
7.036434
6.454265
6.271429
6.754257
6.604933
7.196562
6.403661
6.339414
6.321786
6.121038
7.159454
6.047193
7.115815
7.106948
7.131431
7.524674
6.707213
7.236831
7.175082
7.319677
7.058042
7.127677
7.777310
7.500422
7.092894
7.197676
6.639487
6.975350
6.659923
6.502574
6.491758
6.568262
6.770165
6.357484
6.892456
6.472033
6.803251
6.652073
6.777568
6.506379
6.933109
7.762619
7.447359
7.626811
6.960553
6.557294
6.526167
6.454088
6.568204
6.510232
5.999661
6.885656
7.230057
6.818862
8.069347
6.607925
7.294305
8.019835
8.116230
6.750031
7.240652
7.759499
7.159454
7.916262
7.637383
7.461456
5.985486
5.996923
7.522562
6.919847
6.574051
6.576189
7.152173
7.043480
7.568104
8.565473
6.995863
6.673918
7.498048
8.797359
6.907570
6.873428
6.960553
6.637753
6.929169
6.626525
6.995617
6.812473
7.039176
8.240432
7.275439
8.107700
6.960509
8.098299
7.789836
8.137106
6.966484
7.089341
6.069359
5.665440
6.299574
5.904618
5.866233
5.936996
5.764057
6.372500
6.996135
7.374473
7.366063
7.527348
7.385226
7.266125
6.460905
7.497059
7.448490
7.946234
6.660715
7.535926
8.768804
9.109455
7.392628
7.765688
7.602890
7.789259
7.616726
8.160793
8.773679
7.039226
7.084108
6.726460
6.613543
6.872724
5.775052
5.487179
5.996224
5.656441
5.456009
5.457350
5.130005
5.341535
5.225861
6.959658
6.420181
6.513217
6.377552
6.381502
6.422644
6.548761
7.685375
6.404816
7.498048
8.125333
7.724376
6.960553
6.911327
6.125338
6.333437
6.160869
7.244002
7.092820
