-2.336288e+00
-9.760341e-01
-1.793470e+00
-1.537287e+00
-1.244930e+00
-1.400441e+00
-1.600085e+00
-1.770607e+00
-1.501003e+00
-1.042840e+00
-1.962582e+00
-2.106211e+00
-1.781073e+00
-1.464577e+00
-1.774567e+00
-1.547293e+00
-1.393582e+00
-1.370620e+00
-1.288731e+00
-1.055151e+00
-9.549839e-01
-1.646766e+00
-1.739495e+00
-1.663334e+00
-1.807212e+00
-1.733752e+00
-1.831355e+00
-2.240750e+00
-2.245875e+00
-2.213382e+00
-2.137340e+00
-2.116163e+00
-2.453440e+00
-1.778631e+00
-2.364466e+00
-2.396036e+00
-1.583537e+00
-1.879617e+00
-1.593323e+00
-1.007735e+00
-1.971279e+00
-1.972061e+00
-1.673114e+00
-1.624349e+00
-1.955872e+00
-1.812438e+00
-9.546984e-01
-1.419630e+00
-1.495349e+00
-1.330555e+00
-2.299687e+00
-1.901813e+00
-2.019758e+00
-1.747999e+00
-2.275154e+00
-1.017622e+00
-1.556862e+00
-1.506679e+00
-1.671088e+00
-1.737020e+00
-1.683083e+00
-1.696179e+00
-1.540379e+00
-1.777328e+00
-1.106227e+00
-1.809667e+00
-2.007531e+00
-1.028969e+00
-1.460504e+00
-1.175654e+00
-1.846661e+00
-1.259364e+00
-1.146187e+00
-1.866310e+00
-1.757594e+00
-1.848386e+00
-1.340406e+00
-1.425651e+00
-1.552854e+00
-1.700983e+00
-1.659941e+00
-1.683154e+00
-1.704552e+00
-1.630158e+00
-1.125227e+00
-1.023673e+00
-4.946539e-01
-1.390568e+00
-1.393704e+00
-1.766814e+00
-1.687946e+00
-1.087798e+00
-1.550621e+00
-1.747999e+00
-9.627793e-01
-3.757081e-01
2.247594e-01
-8.988743e-01
-8.520405e-01
-1.357041e+00
-1.401146e+00
-5.815032e-01
-2.380234e+00
-2.301480e+00
-1.932595e+00
-1.194376e+00
-1.675857e+00
-1.912055e+00
-1.781433e+00
6.267932e-02
-1.706791e+00
-1.545186e+00
-1.049840e+00
-1.744724e+00
-1.446145e+00
-1.397310e+00
-7.907821e-01
-1.205022e+00
-7.344218e-01
-1.899511e+00
-1.376088e+00
-1.464000e+00
-1.116971e+00
-1.158713e+00
-7.476499e-01
-1.570130e+00
-3.411909e-01
-1.554320e-01
-8.175346e-01
1.003096e-01
5.433828e-01
-9.981326e-01
-8.282407e-01
-8.594376e-01
-1.671401e+00
-1.543015e+00
-5.815032e-01
-2.030619e+00
-2.283556e+00
-1.959684e+00
-2.317857e+00
-2.130158e+00
-1.863351e+00
-1.718725e+00
-2.062009e+00
-2.153133e+00
-1.185488e+00
-1.277146e+00
-1.287340e+00
-1.209898e+00
-1.208025e+00
-9.338420e-01
-1.516081e+00
-1.389046e+00
-1.410898e+00
-1.075003e+00
-1.155197e+00
-4.623851e-01
-1.013389e+00
-1.031854e+00
-1.837564e+00
-1.065615e+00
-9.485742e-01
-1.101292e+00
-1.843319e+00
-1.407264e+00
-1.907706e+00
-7.772429e-01
-1.054930e+00
-1.464219e+00
-4.223343e-01
-1.362759e+00
-1.328244e+00
-1.193107e+00
-7.960037e-01
-1.142437e+00
-1.236518e+00
-6.260323e-01
-6.457543e-01
-4.679809e-01
-8.768917e-01
-5.948856e-01
-1.954193e-01
-5.421049e-01
-6.494026e-01
-2.916623e-01
-1.032897e+00
-9.064980e-01
-1.196301e+00
-1.168699e+00
-1.368134e+00
-1.536457e+00
-1.003967e+00
2.045330e-01
-4.811080e-01
-8.810373e-01
-6.775586e-01
-1.079230e+00
-9.297180e-01
-1.364663e+00
-1.087798e+00
-1.747999e+00
-1.577065e-01
-6.103775e-01
-5.045321e-01
1.822957e-01
-1.193911e+00
-6.938778e-01
-1.313109e+00
-1.429357e+00
-2.000075e+00
-2.049924e+00
-2.380234e+00
-1.975243e+00
-1.932595e+00
-1.784441e+00
-6.500218e-01
-1.677004e+00
-1.922970e+00
-1.789478e+00
-1.943041e+00
-1.484717e+00
-1.922066e+00
-1.923684e+00
-1.388639e+00
-2.094441e+00
-1.940701e+00
-1.341152e+00
-1.393569e+00
-1.327408e+00
-1.957563e+00
-1.655912e+00
-1.118027e+00
-1.960262e+00
-1.723498e+00
-1.500441e+00
-1.370620e+00
-1.232272e+00
-9.588988e-01
-6.843693e-01
-6.160885e-01
-1.463165e+00
-1.395769e+00
-1.880880e+00
-1.622116e+00
-2.399883e+00
-1.836862e+00
-2.369162e+00
-2.317857e+00
-2.320707e+00
-2.333653e+00
-2.478541e+00
-2.453440e+00
-2.364411e+00
-2.129911e+00
-1.280295e+00
-1.778798e+00
-1.476979e+00
-1.668887e+00
-1.650982e+00
-1.710464e+00
-1.439493e+00
-1.199055e+00
-1.932476e+00
-7.409874e-01
-1.403078e+00
-9.687354e-01
-1.038721e+00
-1.493363e+00
-1.899895e+00
-1.756694e+00
-1.853643e+00
-1.782905e+00
-1.596159e+00
-1.061412e+00
-2.341935e+00
-1.819203e+00
-1.529217e+00
-1.201323e+00
-1.464219e+00
-1.546615e+00
-1.884035e+00
-1.552239e+00
-9.843575e-01
-1.401939e+00
-1.489481e+00
-1.646667e+00
-1.570130e+00
-1.212069e+00
-1.872247e+00
-1.473848e+00
-2.433140e+00
-2.342785e+00
-1.887661e+00
-2.186294e+00
-1.743883e+00
-1.968247e+00
-1.760428e+00
-1.529878e+00
-1.580979e+00
-1.187238e+00
-1.691596e+00
-1.718511e+00
-1.653695e+00
-1.155197e+00
-1.024144e+00
-1.537387e+00
-1.450827e+00
-1.787079e+00
-1.837564e+00
-1.620627e+00
-1.256494e+00
-1.822821e+00
-1.114170e+00
-1.479707e+00
-5.682095e-01
-1.399683e+00
-1.037958e+00
-1.608754e+00
-8.520405e-01
-1.200470e+00
-1.622116e+00
-1.937406e+00
-2.380234e+00
-2.213720e+00
-2.213382e+00
-1.879346e+00
-2.502976e+00
-2.389483e+00
-2.031735e+00
-1.830313e+00
-1.676244e+00
-1.725097e+00
-1.636929e+00
-1.710340e+00
-1.884404e+00
-1.784917e+00
-1.771878e+00
-1.571416e+00
-1.780008e+00
-2.020472e+00
-1.830235e+00
-1.799079e+00
-1.769941e+00
-2.160895e+00
-2.034562e+00
-1.407264e+00
-1.232580e+00
-2.224317e-01
-1.382912e+00
-1.410864e+00
-1.739495e+00
-1.810998e+00
-1.655398e+00
-1.253214e+00
-1.970217e+00
-1.755113e+00
-2.301480e+00
-2.141604e+00
-2.288223e+00
-2.427921e+00
-2.338372e+00
-2.453440e+00
-2.364411e+00
-2.356665e+00
-1.505195e+00
-1.612604e+00
-1.715039e+00
-1.678429e+00
-1.686550e+00
-1.699525e+00
-1.564634e+00
-1.639113e+00
-1.536457e+00
-1.032237e+00
-1.181519e+00
-1.158163e+00
-7.457117e-01
-1.340974e+00
-1.837564e+00
-2.040414e+00
-1.799556e+00
-1.845810e+00
-1.937167e+00
-1.846487e+00
-1.082451e+00
-1.520084e+00
-1.397191e+00
-1.636713e+00
-1.002569e+00
-1.598360e+00
-1.372250e+00
-1.097567e+00
-1.344382e+00
-1.535744e+00
-1.727420e+00
-1.924265e+00
-1.892513e+00
-1.259364e+00
-1.502514e+00
-1.137127e+00
-1.817191e+00
-1.342817e+00
-1.540546e+00
-1.448055e+00
-1.037958e+00
-1.313109e+00
-1.158187e+00
-1.129368e+00
-1.543015e+00
-2.127678e+00
-2.207910e+00
-1.947982e+00
-1.836862e+00
-2.041161e+00
-2.209228e+00
-2.014094e+00
-1.970120e+00
-2.105650e+00
-1.289957e+00
-1.510185e+00
-1.590564e+00
-1.020137e+00
-1.007735e+00
-1.419832e+00
-1.443700e+00
-1.660730e+00
-1.580602e+00
-1.350634e+00
-5.957094e-01
-7.772311e-01
-1.078850e+00
-1.285116e+00
-1.654759e+00
-1.641603e+00
-2.100237e+00
-1.472465e+00
-1.751161e+00
-1.251475e+00
-1.790525e+00
-2.008714e+00
-1.465877e+00
-1.515507e+00
-1.534112e+00
-1.588989e+00
-1.827753e+00
-1.436470e+00
-1.523008e+00
-1.042840e+00
-1.409836e+00
-1.434466e+00
-1.469198e+00
-1.641609e+00
-1.259364e+00
-1.436241e+00
-1.753854e+00
-1.370620e+00
-1.084215e+00
-1.829698e+00
-1.788227e+00
-1.943687e+00
-1.683179e+00
-2.055658e+00
-1.548452e+00
-1.668809e+00
-1.214572e+00
-1.204861e+00
-1.740867e+00
-1.878387e+00
-1.409732e+00
-1.719834e+00
-1.296759e+00
-1.738272e+00
-1.189093e+00
-1.369504e+00
-2.100237e+00
-1.799134e+00
-1.989895e+00
-1.713773e+00
-1.574982e+00
-1.354823e+00
-1.683940e+00
-1.502655e+00
-1.700098e+00
-2.079911e+00
-2.016833e+00
-2.255867e+00
-2.224828e+00
-2.167268e+00
-2.196784e+00
-2.112101e+00
-1.912055e+00
-2.078963e+00
-2.323554e+00
-2.141604e+00
-1.109067e+00
-1.040197e+00
-1.293210e+00
-1.140755e+00
-1.203548e+00
-1.576914e+00
-1.428658e+00
-1.472406e+00
-1.899511e+00
-1.860536e+00
-1.302076e+00
-1.474776e+00
-1.517190e+00
-8.397192e-01
-8.690538e-01
-1.370620e+00
-6.490776e-01
-5.111607e-01
-7.064611e-01
-7.646181e-01
-1.414400e+00
-6.975743e-01
-1.060252e+00
-1.425436e+00
-1.543015e+00
-2.052726e+00
-1.893215e+00
-2.224828e+00
-1.963638e+00
-1.836675e+00
-1.778631e+00
-1.922970e+00
-2.325130e+00
-2.289362e+00
-1.769687e+00
-1.850985e+00
-1.983761e+00
-1.863819e+00
-1.818113e+00
-1.423102e+00
-1.042695e+00
-1.229572e+00
-1.129559e+00
-1.496238e+00
-1.029950e+00
-7.479437e-01
7.495499e-02
-6.771962e-01
-1.189093e+00
-1.369504e+00
-1.445708e+00
-1.611356e+00
-1.356903e+00
-1.427590e+00
-1.351636e+00
-1.956971e+00
-1.614651e+00
-1.717012e+00
-1.464219e+00
-1.633193e+00
-1.931623e+00
-2.025348e+00
-1.777842e+00
-1.854388e+00
-1.551108e+00
-1.957563e+00
-1.990498e+00
-1.999534e+00
-2.102441e+00
-1.570130e+00
-2.140295e+00
-1.592500e+00
-1.597046e+00
-1.584495e+00
-1.382912e+00
-1.801957e+00
-1.530465e+00
-1.562119e+00
-1.487997e+00
-1.622116e+00
-1.586420e+00
-1.253406e+00
-1.395344e+00
-1.604250e+00
-1.550537e+00
-1.836675e+00
-1.664505e+00
-1.826199e+00
-1.906859e+00
-1.912403e+00
-1.873186e+00
-1.769687e+00
-1.981235e+00
-1.706998e+00
-1.922515e+00
-1.752726e+00
-1.830223e+00
-1.765892e+00
-1.904908e+00
-1.686159e+00
-1.260937e+00
-1.422545e+00
-1.330555e+00
-1.672091e+00
-1.878808e+00
-1.894765e+00
-1.931714e+00
-1.873216e+00
-1.902933e+00
-2.164661e+00
-1.710484e+00
-1.533938e+00
-1.744724e+00
-1.103703e+00
-1.852854e+00
-1.501003e+00
-1.129083e+00
-1.079670e+00
-1.780008e+00
-1.528507e+00
-1.262536e+00
-1.570130e+00
-1.182177e+00
-1.325135e+00
-1.415319e+00
-2.171928e+00
-2.166065e+00
-1.383995e+00
-1.692957e+00
-1.870218e+00
-1.869122e+00
-1.573863e+00
-1.629581e+00
-1.360649e+00
-8.493795e-01
-1.653990e+00
-1.819025e+00
-1.396561e+00
-7.305105e-01
-1.699251e+00
-1.716752e+00
-1.672091e+00
-1.837564e+00
-1.688179e+00
-1.843319e+00
-1.654116e+00
-1.747999e+00
-1.631787e+00
-1.016001e+00
-1.510674e+00
-1.084042e+00
-1.672113e+00
-1.088861e+00
-1.246985e+00
-1.068968e+00
-1.669050e+00
-1.606071e+00
-2.128933e+00
-2.335989e+00
-2.010920e+00
-2.213382e+00
-2.233059e+00
-2.196784e+00
-2.285436e+00
-1.973537e+00
-1.653851e+00
-1.459908e+00
-1.464219e+00
-1.381541e+00
-1.454395e+00
-1.515449e+00
-1.928219e+00
-1.397068e+00
-1.421965e+00
-1.166813e+00
-1.825793e+00
-1.377144e+00
-7.451483e-01
-5.705245e-01
-1.450601e+00
-1.259364e+00
-1.342817e+00
-1.247281e+00
-1.335724e+00
-1.056826e+00
-7.426493e-01
-1.631761e+00
-1.608754e+00
-1.792091e+00
-1.849974e+00
-1.717113e+00
-2.279800e+00
-2.427369e+00
-2.166423e+00
-2.340602e+00
-2.443347e+00
-2.442660e+00
-2.610463e+00
-2.502028e+00
-2.561325e+00
-1.672549e+00
-1.949095e+00
-1.901403e+00
-1.970947e+00
-1.968923e+00
-1.947832e+00
-1.883183e+00
-1.300534e+00
-1.956971e+00
-1.396561e+00
-1.075003e+00
-1.280541e+00
-1.672091e+00
-1.697325e+00
-2.100237e+00
-1.993562e+00
-2.082023e+00
-1.526789e+00
-1.604288e+00
