-1.937527e+00
-1.771944e+00
-1.964387e+00
-1.739161e+00
-1.959698e+00
-2.058965e+00
-2.038606e+00
-2.247838e+00
-1.595670e-01
-1.272313e+00
-1.400054e-01
-1.084887e+00
-1.152871e+00
-6.641737e-01
-1.380970e+00
-7.117943e-01
-1.683425e+00
-1.826375e+00
-1.809061e+00
-2.130326e+00
-1.201349e+00
-1.706618e+00
-1.150145e+00
-5.588387e-01
-1.439822e+00
-1.341541e+00
-1.288267e+00
-1.778516e+00
-1.649344e+00
-1.532979e+00
-9.120904e-01
-4.000270e-01
-1.553456e+00
-9.575124e-01
-1.345713e+00
-1.620613e+00
-1.220111e+00
-9.399364e-01
-6.214892e-01
-1.168325e-01
-1.431310e+00
-1.127372e+00
-1.238858e+00
-1.513639e+00
-1.356776e+00
-1.428182e+00
-5.657070e-01
-7.600711e-01
-1.669973e+00
-1.214748e+00
-1.441620e+00
-1.862484e+00
-1.734023e+00
-1.476385e+00
-6.473897e-01
-7.184565e-01
-1.392116e+00
-8.691084e-01
-1.147204e+00
-1.859580e+00
-1.985902e+00
-1.743692e+00
-1.358758e+00
-1.555962e+00
-1.259728e+00
-9.779836e-01
-7.420252e-01
-1.409435e+00
-1.393826e+00
-1.354065e+00
-1.941163e+00
-1.020252e+00
-6.216862e-01
-4.005206e-01
-5.762728e-01
-6.374239e-01
-8.080137e-01
-1.173131e+00
-1.278441e+00
-1.520551e+00
-1.504009e+00
-8.193478e-01
-1.114292e+00
-2.053415e+00
-2.206714e+00
-2.127152e+00
-1.423654e+00
-1.955315e+00
-1.716904e+00
-8.619094e-01
-1.491280e+00
-2.036470e+00
-2.330800e+00
-2.113055e+00
-1.451235e+00
-2.168551e+00
-1.464104e+00
-1.576704e+00
-1.212167e+00
-1.831147e+00
-1.679034e+00
-1.393172e+00
-1.143233e+00
-1.683176e+00
-1.400145e+00
-1.446677e+00
-1.404076e-01
-1.854212e+00
-1.332249e+00
-1.617566e+00
-1.276952e+00
-7.851999e-01
-1.406519e+00
-1.563162e+00
-1.072025e+00
-1.759325e+00
-1.697985e+00
-1.730629e+00
-1.067559e+00
-1.641765e+00
-1.048223e+00
-1.548219e+00
-6.110734e-01
-1.868540e+00
-1.364798e+00
-1.560270e+00
-1.178729e+00
-1.230053e+00
-1.117624e+00
-1.409825e+00
-5.445789e-02
-1.746398e+00
-1.430595e+00
-1.573085e+00
-1.367534e+00
-6.762501e-01
-1.973169e+00
-7.258434e-01
-1.052138e+00
-1.588303e+00
-1.615245e+00
-1.798871e+00
1.494973e-01
-6.172139e-01
-1.052822e+00
-1.359818e+00
-2.642252e-01
-1.723618e+00
-1.836596e+00
-1.651023e+00
-8.015873e-01
1.934258e-02
-8.787463e-02
-3.222185e-01
-1.255185e+00
-1.325820e+00
-1.942898e+00
-4.909947e-01
-5.157006e-01
-1.158171e+00
-1.285278e-01
-3.503172e-01
-1.620816e+00
-1.061890e+00
-1.662179e+00
-5.968345e-01
3.164913e-01
-1.320885e+00
-1.111255e+00
-1.215027e+00
-1.094885e+00
-1.903383e+00
-2.234890e+00
-1.656131e+00
-9.440573e-01
-9.195105e-01
-1.794054e+00
-9.696233e-01
-1.510085e+00
-2.220125e+00
-2.288588e+00
-1.259942e+00
-9.859954e-02
-1.561987e+00
-1.345525e+00
-8.266903e-01
-1.489931e+00
-1.899473e+00
-1.867159e+00
-1.592874e+00
-9.934868e-01
-1.175472e+00
-9.648131e-01
-1.716972e+00
-1.506145e+00
-1.696177e+00
-1.325898e+00
-1.838721e+00
-1.717487e+00
-1.392384e+00
-8.105770e-01
-1.885276e+00
-1.264837e+00
-1.430085e+00
-9.938360e-01
-1.968532e+00
-1.946205e+00
-1.365020e+00
-1.041439e+00
-1.740705e+00
-1.657230e+00
-1.709488e+00
-1.345769e+00
-1.739825e+00
-1.683993e+00
-1.402578e+00
-2.262566e+00
-1.452832e+00
-2.101907e+00
-1.809398e+00
-1.904351e+00
-1.745896e+00
-1.726786e+00
-2.071627e+00
-1.591887e+00
-1.671039e+00
-2.222054e+00
-1.428248e+00
-1.863497e+00
-2.248207e+00
-1.804874e+00
-2.280032e+00
-1.493768e+00
-2.094616e+00
-1.567372e+00
-1.548517e+00
-2.064260e+00
-2.018066e+00
-2.270562e+00
-1.834071e+00
-1.648676e+00
-1.820563e+00
-1.740421e+00
-1.629969e+00
-1.614896e+00
-2.096143e+00
-2.047395e+00
-1.781574e+00
-1.349883e+00
-2.142783e+00
-1.406260e+00
-1.551111e+00
-2.170834e+00
-2.362958e+00
-2.081921e+00
-1.171414e+00
-2.471991e+00
-1.358793e+00
-2.482348e+00
-2.174306e+00
-2.062921e+00
-1.941265e+00
-2.104800e+00
-1.909878e+00
-2.171311e+00
-8.752645e-01
-2.103473e+00
-1.567218e+00
-1.290716e+00
-1.193857e+00
-1.166916e+00
-1.597546e+00
-1.915861e+00
-1.825594e+00
-1.969557e+00
-1.870488e+00
-2.202066e+00
-2.326321e+00
-2.141860e+00
-1.655951e+00
-1.894391e+00
-2.090879e+00
-1.988110e+00
-1.953407e+00
-2.174797e+00
-2.305341e+00
-2.170794e+00
-1.542376e+00
-5.930223e-01
-1.565775e+00
-1.538620e+00
-1.978186e+00
-1.501804e+00
-1.283839e+00
-1.652605e+00
-5.398991e-01
-1.059672e+00
-1.130447e+00
-1.617185e+00
-1.508362e+00
-2.020793e+00
-2.141398e+00
-2.091953e+00
-1.075914e+00
-7.270772e-01
-1.565116e+00
-1.533927e+00
-1.547327e+00
-1.745152e+00
-1.062679e+00
-1.654408e+00
-8.838990e-01
-3.905971e-01
-1.421790e+00
-7.494561e-01
-1.152773e+00
-1.192556e+00
-7.629797e-01
-1.164704e+00
5.499802e-02
-1.302412e+00
-1.442116e+00
-2.149462e+00
-1.836573e+00
-1.814496e+00
-2.052578e+00
-1.821880e+00
-8.428902e-01
-1.417927e+00
-1.689623e+00
-1.605829e+00
-1.946621e+00
-1.833661e+00
-1.622712e+00
-1.829594e+00
-1.321699e+00
-1.136037e+00
-1.628766e+00
-1.006801e+00
-1.659712e+00
-1.725804e+00
-1.420692e+00
-1.796771e+00
-8.818284e-01
-8.533939e-01
-1.918804e+00
-9.309898e-01
-1.486305e+00
-1.404443e+00
-1.479006e+00
-2.089537e+00
-7.658517e-01
-1.344868e+00
-1.810978e+00
-1.232213e+00
-1.906803e+00
-2.023209e+00
-1.541220e+00
-1.927521e+00
-1.371940e+00
-1.908909e+00
-4.954626e-01
-1.740481e+00
-2.246451e+00
-2.187872e+00
-1.494479e+00
-1.077063e+00
-1.043033e+00
-5.593474e-01
-1.099707e+00
1.808075e-02
-1.199815e+00
-1.527955e+00
-7.630577e-01
-8.546144e-01
-4.366222e-01
-1.317209e+00
-8.221525e-01
-1.025707e+00
-1.389081e+00
-1.959312e+00
-1.303076e+00
-6.893590e-01
-1.045117e+00
-1.269503e+00
-7.232719e-01
-1.074589e+00
-1.699119e+00
-1.996090e+00
-1.340523e+00
-9.401278e-01
-1.017213e+00
-1.347650e+00
1.781698e-01
-9.875803e-01
-1.279650e+00
-1.502589e+00
-1.844040e+00
-4.854490e-01
-1.682940e+00
-1.839983e+00
-1.892913e+00
-1.825231e+00
-2.239536e+00
-2.227862e+00
-2.259026e+00
-1.581606e+00
-1.605718e+00
-1.410719e+00
-1.598442e+00
-1.170214e+00
-2.177873e+00
-2.158693e+00
-1.732876e+00
-1.480464e+00
-1.065774e+00
-1.649352e+00
-1.430581e+00
-1.675068e+00
-1.998996e+00
-2.074184e+00
-1.882842e+00
-1.340105e+00
-1.537438e+00
-1.521946e+00
-1.503725e+00
-9.568869e-01
-1.977635e+00
-1.629390e+00
-1.577593e+00
-1.463778e+00
-1.129270e+00
-1.763737e+00
-1.800525e+00
-1.868208e+00
-2.272108e+00
-2.371453e+00
-2.169029e+00
-1.484954e+00
-1.576809e+00
-5.257349e-01
-6.125059e-01
-1.421381e+00
-9.945637e-01
-8.636998e-01
-1.001487e+00
3.936893e-01
-1.820691e+00
-2.076822e+00
-1.226855e+00
-1.465829e+00
-1.381844e+00
-1.061200e+00
-1.276146e+00
-1.048928e+00
-9.366622e-01
-1.655880e+00
-9.870427e-01
-1.260146e+00
-1.502907e+00
-1.437369e+00
-1.545152e+00
-5.084267e-01
-1.239741e+00
-2.054620e+00
-1.067767e+00
-1.341492e+00
-1.619160e+00
-1.518024e+00
-1.577259e+00
-6.026919e-01
-1.461764e+00
-1.966911e+00
-1.141722e+00
-1.194799e+00
-1.622901e+00
-1.581424e+00
-1.750396e+00
-7.859160e-01
-1.642289e+00
-2.056132e+00
-1.032150e+00
-1.313234e+00
-1.669165e+00
-1.671782e+00
-1.573005e+00
-4.229598e-01
-1.585045e+00
-1.863132e+00
-1.457931e+00
-1.245951e+00
-1.559901e+00
-1.316878e+00
-1.743688e+00
-6.461891e-01
-1.577917e+00
-1.711908e+00
-9.715447e-01
-1.371342e+00
-1.467262e+00
-1.331850e+00
-1.165451e+00
-3.302737e-01
-2.013760e+00
-1.722897e+00
-1.350795e+00
-1.322345e+00
-1.806394e+00
-1.553193e+00
-1.537299e+00
-6.171001e-01
-2.047519e+00
-1.185140e+00
-7.599680e-01
-1.019231e+00
-7.410811e-01
-9.008262e-01
-8.742915e-01
1.805590e-01
-2.142513e+00
-1.968760e+00
-1.081824e+00
-2.035894e+00
-1.568651e+00
-1.711780e+00
-1.461991e+00
-4.069004e-01
-1.939313e+00
-1.957015e+00
-1.122477e+00
-1.526262e+00
-1.980121e+00
-1.956495e+00
-1.903110e+00
-8.428488e-01
-2.217977e+00
-1.782980e+00
-2.339228e-01
-1.152506e-02
-1.622047e+00
-9.641862e-01
-1.073853e+00
-1.122662e+00
-1.115381e-01
-1.957306e+00
-5.263083e-01
-1.315361e+00
-1.290431e+00
-1.251115e+00
-1.006701e+00
-4.885861e-01
-1.990196e+00
-1.966161e+00
-6.792135e-01
-7.282675e-01
-7.881672e-01
-1.108314e+00
-7.987007e-01
-5.160573e-02
-1.789155e+00
-2.315545e+00
-8.365396e-01
-1.595579e+00
-1.601131e+00
-1.618369e+00
-1.507416e+00
-6.907394e-01
-2.258681e+00
-1.064588e+00
-6.803576e-01
-3.763679e-02
-1.549285e+00
-7.784489e-01
-1.602958e+00
-1.853798e+00
-9.056993e-01
-1.042318e+00
-9.986691e-01
-1.001653e+00
-1.013405e+00
-1.130767e+00
-1.395251e+00
1.842669e-01
-1.313541e+00
-2.395996e+00
-1.027745e+00
-1.821598e+00
-1.615488e+00
-1.202458e+00
-1.528230e+00
-1.171104e+00
-1.793578e+00
-1.394903e+00
-8.440903e-01
-1.494923e+00
-1.496749e+00
-2.143350e+00
-1.980208e+00
-9.592605e-01
-1.511287e+00
-1.883206e+00
-8.821518e-01
-1.642563e+00
-1.947997e+00
-2.188471e+00
-1.506451e+00
-7.593986e-01
-1.625370e+00
-1.437984e+00
-8.057095e-01
-1.042109e+00
-1.553825e+00
-1.956963e+00
-9.119593e-01
-6.889673e-02
-1.240561e+00
-1.608260e+00
-1.375442e+00
-1.357815e+00
-1.482522e+00
-2.136830e+00
-5.796483e-01
-3.156404e-01
-7.353660e-01
-8.698520e-01
-1.065335e+00
-7.706011e-01
-1.514488e+00
-1.968463e+00
-1.826656e+00
-9.585250e-01
-1.473401e+00
-1.553358e+00
-1.076052e+00
-1.682198e+00
-1.553609e+00
-1.936071e+00
-1.278536e+00
-3.659049e-01
-1.998175e+00
-1.615540e+00
-1.299843e+00
-1.739700e+00
-1.670926e+00
-1.911044e+00
-1.131304e+00
-1.891767e-01
-1.610253e+00
-1.825868e+00
-9.549335e-01
-1.953428e+00
-1.734655e+00
-1.880181e+00
-1.196806e+00
-2.288815e-01
-1.549204e+00
-1.419488e+00
-1.402680e+00
-1.650189e+00
-1.515565e+00
-1.914235e+00
-1.162281e+00
-4.310601e-01
-1.972414e+00
-1.463744e+00
-1.141739e+00
-1.698747e+00
-1.586362e+00
-1.909787e+00
-1.097541e+00
-2.870132e-01
-1.782475e+00
-9.826938e-01
-3.679658e-02
-7.296100e-01
-6.005200e-01
-1.337689e+00
-1.702192e+00
5.138971e-02
-2.232216e+00
-7.486361e-01
-3.322662e-01
-3.657657e-01
-5.142810e-01
-1.013374e+00
-1.602071e+00
-3.297486e-01
-1.980946e+00
-2.055840e-01
4.087431e-02
-2.181501e-01
3.469503e-01
-6.255359e-01
-1.055359e+00
4.912020e-01
-2.102340e+00
-1.330920e+00
-1.978884e-01
-1.218776e+00
-9.281894e-01
-1.641962e+00
-1.833917e+00
-1.167756e-01
-2.087065e+00
-1.084355e+00
-3.638359e-02
-1.195075e+00
-8.608959e-01
-1.449798e+00
-2.160488e+00
-8.271220e-02
-2.506878e+00
-1.884506e+00
-1.069250e+00
-1.645578e+00
-1.351043e+00
-1.160728e+00
-1.520115e+00
-1.038235e+00
-2.217348e+00
-1.528994e+00
-1.321367e+00
-1.497133e+00
-1.233685e+00
-1.107137e+00
-1.650071e+00
-9.599666e-01
-2.057844e+00
-8.100149e-01
-8.738427e-01
-2.598789e-01
-1.411930e+00
-1.482959e+00
-8.670434e-01
-9.190897e-01
-6.937463e-01
-1.466686e+00
-1.029288e+00
-1.416372e+00
-1.008945e+00
-1.063019e+00
-1.591634e+00
-6.245789e-01
-2.231776e+00
-1.521946e+00
-1.503725e+00
-9.568869e-01
-1.977635e+00
-1.629390e+00
-1.577593e+00
-1.463778e+00
-1.129270e+00
-7.213936e-01
-9.933303e-01
-4.768676e-01
-7.629146e-01
-1.035895e+00
-1.433491e+00
3.606804e-01
-1.414194e+00
3.916950e-01
-4.641893e-01
-8.230117e-01
-1.339722e-01
-2.598142e-01
-1.815428e-01
2.999905e-01
-1.356853e+00
1.203568e+00
1.443082e-01
-3.824023e-01
3.875086e-01
2.966053e-02
2.876805e-01
1.046832e+00
-1.205013e+00
-7.115257e-01
-7.891104e-01
-6.169557e-01
-7.090400e-01
-1.182801e+00
-9.241107e-01
4.406374e-01
-1.554556e+00
-7.726320e-01
-4.830211e-01
-1.283076e+00
-1.006783e+00
-7.364300e-01
-7.801323e-01
6.938966e-03
-6.772378e-01
-1.198565e+00
-1.283666e+00
-1.306493e+00
-1.034619e+00
-1.033469e+00
-1.288367e+00
7.326848e-02
-2.058015e+00
-1.278057e+00
-1.342183e+00
-1.393602e+00
-1.221682e+00
-1.068647e+00
-1.192394e+00
-5.204695e-03
-1.924887e+00
4.946456e-01
-1.753414e+00
2.300225e-01
-2.973104e-01
-1.393795e-01
-7.290120e-01
-5.346397e-01
-1.183160e+00
-1.869100e+00
-2.759148e+00
-1.510842e+00
-2.111952e+00
-1.966551e+00
-1.718220e+00
-2.090368e+00
-1.987605e+00
-1.781077e+00
-1.785742e+00
-2.238755e+00
-1.834045e+00
-1.664893e+00
-1.993931e+00
-1.926398e+00
-2.259102e+00
-1.089240e+00
-2.178800e+00
-1.010527e+00
-1.233249e+00
-2.176615e+00
-1.816565e+00
-1.918183e+00
-1.578970e+00
-1.669895e+00
-2.978816e-01
-1.712326e+00
-1.332168e+00
-5.367491e-01
-4.675433e-01
-3.908031e-01
-1.628176e+00
-1.745015e+00
-1.110417e+00
-1.696655e+00
-1.601983e+00
-1.170799e+00
-1.112850e+00
-1.263562e+00
-1.573584e+00
-1.740028e+00
-1.389401e+00
-1.543383e+00
-1.846270e+00
-1.402698e+00
-1.584314e+00
-1.893589e+00
-1.464278e+00
-2.272985e+00
-1.167393e+00
-1.602281e+00
-1.613822e+00
-1.053201e+00
-1.382107e+00
-1.186459e+00
-1.706909e+00
6.497792e-01
-9.612052e-01
-4.197209e-01
-2.311572e-01
1.409677e+00
-6.645052e-01
-7.647545e-01
1.403581e+00
-1.163315e+00
-1.382724e+00
-1.620029e+00
-1.044354e+00
-1.532797e+00
-1.540005e+00
-1.256383e+00
-1.943372e+00
-1.065907e+00
-1.868506e+00
-1.247764e+00
-1.193233e+00
-1.426972e+00
-1.098657e+00
-9.307596e-01
-1.563933e+00
-1.098039e+00
-1.008251e+00
-5.875543e-01
-1.290370e+00
-9.181654e-01
-1.038632e+00
-4.051312e-01
-7.169886e-01
-1.749346e+00
-1.763143e+00
-1.328632e+00
-1.730162e+00
-1.510133e+00
-1.336523e+00
-1.362181e+00
-9.580681e-01
-1.379267e+00
-1.309454e+00
-1.026808e+00
-1.733955e+00
-1.148216e+00
-1.406777e+00
-5.607303e-01
-1.164192e+00
-1.329201e+00
-1.345545e+00
-1.092667e+00
-1.541034e+00
-1.117880e+00
-1.322387e+00
-6.705298e-01
-9.816066e-01
-5.770414e-01
-9.559751e-01
-3.932272e-01
-7.174318e-01
-1.038183e+00
-8.430023e-01
-7.678835e-01
-2.749344e-02
-9.254579e-01
-8.910160e-01
-5.246472e-01
-7.508688e-01
-1.096946e+00
-1.397775e+00
-1.207428e+00
-1.313029e+00
-3.680449e-01
-8.055685e-01
3.014671e-01
-3.173208e-01
-5.466722e-01
-9.217324e-01
-6.490102e-01
-1.634173e+00
-2.098069e+00
-9.653666e-01
-1.961510e+00
-1.714429e+00
-1.723397e+00
-1.415812e+00
-8.227513e-01
-2.078231e+00
-1.039195e+00
-6.661361e-01
-7.985731e-01
-1.185493e+00
-1.855577e+00
-1.490388e+00
-1.030181e+00
-1.192526e+00
-9.683226e-01
-6.291339e-01
-9.110924e-01
-1.333035e+00
-1.902346e+00
-1.610906e+00
-1.104173e+00
-1.390518e+00
-7.841122e-01
-1.238987e+00
-2.619443e-01
-1.081029e+00
-1.291137e+00
-1.294351e+00
-6.434227e-01
-9.197937e-01
-9.110376e-01
-1.247685e+00
-3.989746e-01
-9.547318e-01
-1.344267e+00
-1.069841e+00
-5.795673e-01
-1.289504e+00
-4.545767e-01
-9.911145e-01
7.017531e-01
-8.756279e-01
-8.838244e-01
-1.115006e+00
-6.626476e-01
-7.490090e-01
-1.094600e+00
-1.707137e+00
-2.664079e-01
-1.593769e+00
-1.340325e+00
-1.742595e+00
-1.383553e+00
-1.435164e+00
-1.999965e-01
-9.374774e-01
4.669988e-01
-1.095275e-01
-8.131701e-01
-5.569315e-01
2.892152e-01
-4.345814e-01
4.338959e-01
3.091506e-01
-9.150723e-01
-4.258943e-01
-8.731681e-01
4.589109e-01
7.578086e-01
-7.913483e-01
-9.400830e-01
-1.070158e+00
6.531856e-02
-7.452692e-01
-1.038260e+00
-8.815120e-01
-6.146183e-01
-2.756425e-01
5.196520e-01
-8.306527e-02
-2.208027e-01
1.882653e-01
-3.185766e-01
4.842872e-01
8.945553e-01
-7.894506e-01
9.281242e-01
1.246629e-01
4.300608e-01
5.151035e-01
2.108933e-01
7.688875e-01
7.631185e-01
-8.507118e-02
-9.433688e-01
-1.620554e+00
-7.746011e-02
-9.129026e-01
-1.080677e+00
-1.174953e+00
-1.904808e-01
-7.148581e-01
-4.053092e-01
-1.465694e+00
-4.031473e-01
-5.029396e-01
-2.023826e-01
-8.881061e-01
-8.277292e-01
-8.769466e-01
2.735308e-03
-1.770022e+00
-1.444992e-01
-5.822340e-01
-2.059564e-01
-9.955690e-01
-1.036826e+00
-1.049769e+00
-1.034247e+00
-2.049320e+00
-1.280849e+00
-1.414950e+00
-9.634499e-01
-1.609004e+00
-1.297109e+00
-1.595951e+00
-1.209188e+00
-1.266882e+00
-1.780984e+00
-1.385920e+00
-1.118386e+00
-1.427945e+00
-2.980015e-01
-1.893816e+00
4.946456e-01
-1.753414e+00
2.300225e-01
-2.973104e-01
-1.393795e-01
-7.290120e-01
-5.346397e-01
-1.183160e+00
-1.432044e+00
-1.820912e+00
-1.502332e+00
-1.533400e+00
-2.024079e+00
-1.863528e+00
-1.684708e+00
-1.800631e+00
-1.543492e+00
-1.992671e+00
-1.702651e+00
-1.747269e+00
-2.254501e+00
-2.110810e+00
-1.848759e+00
-2.163199e+00
-7.665389e-01
-2.120514e+00
-1.114815e+00
-9.918189e-01
-2.147570e+00
-2.241180e+00
-1.813566e+00
-1.988398e+00
-1.683916e+00
-1.921478e+00
-1.787000e+00
-1.361230e+00
-2.150224e+00
-2.349566e+00
-1.940789e+00
-2.399914e+00
-1.573659e+00
-2.210038e+00
-1.293821e+00
-1.719810e+00
-1.798714e+00
-2.184327e+00
-1.933253e+00
-1.617691e+00
-1.574980e+00
-1.750745e+00
-1.426195e+00
-1.574809e+00
-1.699536e+00
-1.710632e+00
-1.186076e+00
-1.613318e+00
-1.254395e+00
-1.939834e+00
-9.161065e-01
-1.245473e+00
-1.594324e+00
-1.730553e+00
-1.245768e+00
-1.636819e+00
-1.357282e+00
-2.501151e+00
-1.243321e+00
-1.504013e+00
-1.937300e+00
-2.318250e+00
-1.787529e+00
-1.223976e+00
-1.434373e+00
-2.332234e+00
-1.381798e+00
-1.472911e+00
-1.918516e+00
-2.232563e+00
-1.779304e+00
-1.934188e+00
-6.000303e-01
-1.692292e+00
-8.504655e-01
-1.208752e+00
-1.535876e+00
-4.104566e-01
-8.944911e-01
-7.833820e-01
-4.465388e-01
-1.595639e+00
-5.420202e-01
-1.134000e+00
-1.618080e+00
-1.099434e+00
-1.265921e+00
-8.907772e-01
-9.137061e-01
-1.718044e+00
-6.196053e-01
-1.488543e+00
-1.815280e+00
-7.377978e-01
-7.673334e-01
-6.006851e-01
-4.561278e-01
-1.865213e+00
-7.869562e-01
-1.194153e+00
-1.548173e+00
-5.541759e-01
-9.519145e-01
-7.832612e-01
-3.820803e-01
-1.354886e+00
-6.133823e-01
-1.130395e+00
-1.706914e+00
-1.051677e+00
-1.079008e+00
-8.090294e-01
6.629543e-02
-1.972299e+00
1.346632e-01
-4.459404e-01
-9.897738e-01
-6.630343e-01
-1.038390e+00
-1.374241e+00
-9.294025e-01
-1.782080e+00
-8.814564e-01
-1.463665e+00
-1.734430e+00
-1.161702e+00
-9.671199e-01
-1.280062e+00
-8.931655e-01
-1.415769e+00
-9.587604e-01
-1.085816e+00
-1.422995e+00
-1.016294e+00
-1.096052e+00
-1.456401e+00
-5.631704e-01
-2.413868e+00
-7.069867e-01
-1.041174e+00
-1.231294e+00
-1.234731e+00
-1.314947e+00
-9.860917e-01
-1.317663e+00
1.924250e-01
-6.775218e-01
-8.084073e-01
-1.691711e+00
-1.520038e+00
1.497812e-02
-1.424487e+00
-7.589761e-01
-9.636612e-01
-2.659966e-01
-9.136415e-01
-1.401659e+00
-1.043004e+00
-9.089774e-01
-1.516038e+00
-3.422074e-01
-6.854959e-01
5.133453e-02
-1.199765e-01
-6.551978e-01
-3.800058e-01
-4.735589e-01
-5.057345e-01
-6.847911e-01
-9.912645e-01
-1.033081e+00
-1.324650e+00
-8.069437e-01
-1.035685e+00
-9.055454e-01
-3.593869e-02
-1.006414e+00
-8.677189e-01
-5.964345e-01
-9.131845e-01
-1.210914e+00
-1.063826e+00
-4.702334e-01
-8.134033e-01
-1.562947e+00
-1.420487e+00
-1.274049e+00
-2.022906e+00
-1.551834e+00
-1.782784e+00
-1.682990e+00
-1.064799e+00
-7.455482e-01
-1.265575e+00
-3.816341e-01
-9.324331e-01
-1.074960e+00
-1.350265e+00
-7.736982e-01
-6.451475e-01
-4.433344e-01
-1.126608e+00
-3.683665e-01
-1.003390e+00
-1.100183e+00
-1.241047e+00
-8.438916e-01
-2.550152e-01
-7.838281e-01
-1.234239e+00
-4.633672e-01
-1.168637e+00
-1.172378e+00
-1.421556e+00
-7.709779e-01
-3.943097e-01
-1.711491e+00
-1.370207e+00
-1.155322e+00
-2.275221e+00
-1.839003e+00
-1.566310e+00
-1.449016e+00
-1.034947e+00
-1.866612e+00
-9.239081e-01
-1.500869e+00
-1.557431e+00
-1.664201e+00
-1.248529e+00
-1.099351e-02
-6.952711e-01
-1.142633e+00
-2.168254e+00
-9.507557e-01
-1.728305e+00
-2.043434e+00
-1.888533e+00
-2.158068e+00
-7.547198e-01
-5.272136e-01
-9.992601e-01
-1.588262e-02
-8.648228e-01
-1.015492e+00
-3.252457e-01
-1.059630e+00
-4.216040e-01
-9.324357e-01
-1.164027e+00
-3.501607e-01
-1.176349e+00
-1.373565e+00
-4.988481e-01
-1.015840e+00
-5.861489e-01
-1.937067e+00
-6.234627e-01
-1.424239e+00
-1.660153e+00
-1.625182e+00
-1.029821e+00
-7.894333e-01
-7.616407e-01
-3.242533e-01
-9.025113e-01
2.743978e-01
-8.316708e-01
-4.221230e-01
-7.122855e-02
-5.776109e-01
1.360981e-02
-1.223827e+00
-1.474418e+00
-9.213715e-01
-1.568083e+00
-1.441141e+00
-6.667564e-01
-1.241813e+00
-6.309854e-01
-7.546457e-01
-4.331329e-01
-2.197098e-01
-1.477441e+00
-1.710439e+00
-1.581578e+00
-1.830674e+00
-9.285679e-01
-6.559755e-01
-5.793103e-01
3.093314e-02
-1.302030e+00
-1.571317e+00
-1.393225e+00
-1.725686e+00
-8.303986e-01
-3.976658e-01
-7.642252e-01
5.192520e-01
-6.795428e-01
-8.654087e-01
-1.007561e+00
-1.315020e+00
-8.451953e-01
-3.840353e-01
-4.549724e-01
1.928583e-01
-1.258766e+00
-1.162439e+00
-1.518704e+00
-1.905869e+00
-1.194184e+00
-6.927224e-01
-8.851022e-01
-3.778938e-01
-1.232992e+00
-1.207467e+00
-1.388668e+00
-1.771996e+00
-7.622248e-01
-2.427344e-01
-3.061859e-01
5.440834e-01
-1.269302e+00
-4.565476e-01
-1.069195e+00
-1.299162e+00
-1.127879e-01
-1.385078e-01
-4.156272e-01
9.686675e-01
-1.031548e+00
-4.766598e-01
-1.119312e+00
-1.622402e+00
-5.091281e-01
-4.085754e-02
-4.116343e-01
9.491210e-01
-8.782891e-01
-3.001406e-01
-9.013590e-01
-1.175265e+00
-3.900664e-01
-1.482437e-01
-7.924006e-01
4.875224e-02
-1.237497e+00
-5.094104e-01
-1.041334e+00
-1.425549e+00
-7.938866e-01
1.944175e-01
-6.261123e-01
6.087497e-01
-9.018716e-01
-2.715095e-01
-1.050827e+00
-1.418435e+00
-5.366956e-01
6.830636e-01
-7.542400e-01
5.367928e-02
-2.962228e-01
-2.938664e-01
-9.872111e-02
-9.815872e-01
3.731495e-01
2.904072e-01
-7.005732e-01
-2.208794e-01
-8.215912e-01
-5.728266e-01
-4.036077e-01
-1.591220e+00
3.731064e-01
7.237418e-01
-7.921708e-01
1.953668e-01
-9.539036e-01
-3.907971e-01
-1.224379e+00
-1.660664e+00
-2.662557e-01
1.053596e+00
-2.221313e-01
9.708633e-02
-1.445514e-01
-4.639414e-01
-1.019784e+00
-1.433789e+00
1.712644e-01
1.493891e-01
-5.175393e-01
-5.988663e-01
-8.537237e-01
-1.096971e+00
-1.496950e+00
-1.958932e+00
-5.755541e-01
-4.729648e-01
-8.152834e-01
-4.648761e-01
-1.501852e+00
-9.090360e-01
-2.375181e-01
-1.192625e+00
-5.045981e-01
-6.559824e-01
-1.012468e+00
-6.914779e-01
-1.678270e+00
-1.248158e+00
-5.882802e-01
-1.362334e+00
-8.115259e-01
-6.605934e-01
-1.153991e+00
-7.644989e-01
-1.433626e+00
-1.215721e+00
-5.404152e-01
-1.474402e+00
-6.195466e-01
-9.909968e-01
-1.045623e+00
-7.534722e-01
-1.767309e+00
-1.535992e+00
-1.026627e+00
-1.375004e+00
-7.095328e-01
-1.316438e+00
-1.222281e+00
-1.382932e+00
-1.741806e+00
-1.697646e+00
-1.197163e+00
-6.412465e-01
-1.137491e+00
-7.227960e-01
-9.292382e-01
-2.332205e-01
-1.533356e+00
-1.266687e+00
-6.526681e-01
-1.222029e+00
-1.945103e-01
4.228821e-01
-4.636914e-01
1.159831e+00
-6.277940e-01
-2.864614e-01
8.051732e-01
-4.333118e-01
7.994326e-01
-2.784550e-01
-5.972036e-01
4.359880e-01
-9.706851e-01
-9.303720e-01
-4.272593e-02
-7.582906e-01
-9.506365e-02
-8.133150e-01
-4.997090e-01
-5.401156e-01
-1.244389e+00
-1.236299e+00
-6.026191e-01
-8.554654e-01
-1.355457e-01
-2.644990e-01
-1.053553e+00
1.828701e-01
-1.137835e+00
-7.359790e-01
-1.844553e-01
-1.604031e+00
2.389912e-01
-6.559479e-01
-7.346245e-01
-2.470618e-01
-1.493854e+00
-1.203624e+00
-8.716588e-01
-1.338433e+00
-7.156583e-01
-5.359606e-01
-9.522051e-01
8.949552e-02
-9.849398e-01
-1.371303e+00
-8.597535e-01
-8.602717e-01
-7.800370e-01
-9.783005e-01
-1.193263e+00
-4.635323e-01
-1.495436e+00
-1.753735e+00
-1.165146e+00
-1.112247e+00
-1.019544e+00
-8.100149e-01
-8.738427e-01
-2.598789e-01
-1.411930e+00
-1.482959e+00
-8.670434e-01
-9.190897e-01
-6.937463e-01
-1.521946e+00
-1.503725e+00
-9.568869e-01
-1.977635e+00
-1.629390e+00
-1.577593e+00
-1.463778e+00
-1.129270e+00
1.072121e+00
-1.969594e-01
1.493305e+00
-3.939131e-01
-6.816014e-01
-7.357368e-01
-1.275816e+00
-3.424208e-01
4.668772e-01
-5.651728e-01
7.386975e-01
-6.693021e-01
-9.957747e-01
-8.979227e-01
-1.632258e+00
-5.516531e-01
5.878202e-01
-6.036132e-01
9.701906e-01
-7.478752e-01
-1.106698e+00
-9.616811e-01
-1.108241e+00
-4.243022e-01
1.258323e+00
1.057376e-01
1.647752e+00
8.773298e-03
-3.749236e-01
-3.384831e-01
-9.960558e-01
-8.467198e-02
-9.153042e-01
-1.284320e+00
-1.102685e+00
-1.092355e+00
-6.061243e-01
-1.064687e+00
-1.477153e+00
-4.897837e-01
-2.373424e-02
-9.709981e-01
-6.913218e-01
-7.885927e-01
-3.531403e-02
-6.024186e-01
-1.331451e+00
-2.244532e-01
-1.085069e+00
-1.289494e+00
-6.419393e-01
-1.630345e+00
-1.234455e+00
-1.298349e+00
-1.115916e+00
-5.387929e-01
-9.881464e-01
-1.415286e+00
-1.218758e+00
-1.288750e+00
-8.339884e-01
-1.271120e+00
-1.709109e+00
-8.912945e-01
-9.813876e-01
-2.133830e+00
-1.153059e+00
-1.179851e+00
-2.287665e+00
-1.964438e+00
-2.088797e+00
-1.667113e+00
-1.083024e+00
-2.060521e+00
-1.186450e+00
-1.339499e+00
-2.120320e+00
-2.017427e+00
-2.208000e+00
-1.776276e+00
-1.869100e+00
-2.759148e+00
-1.510842e+00
-2.111952e+00
-1.966551e+00
-1.718220e+00
-2.090368e+00
-1.987605e+00
-1.169393e+00
-2.091218e+00
-9.391975e-01
-1.410648e+00
-2.176872e+00
-1.895347e+00
-2.073024e+00
-1.533376e+00
-1.089240e+00
-2.178800e+00
-1.010527e+00
-1.233249e+00
-2.176615e+00
-1.816565e+00
-1.918183e+00
-1.578970e+00
-1.095416e+00
-1.972994e+00
-9.470604e-01
-1.619963e+00
-2.064794e+00
-1.759786e+00
-1.882201e+00
-6.631822e-01
8.106624e-01
-2.106231e+00
-5.588486e-01
-2.382182e-01
-1.398134e+00
-1.641587e+00
-1.871848e+00
2.630974e+00
-9.055838e-01
-1.873052e+00
-6.584254e-01
-1.426837e+00
-1.978550e+00
-1.598452e+00
-1.793542e+00
-1.048141e+00
-2.101073e+00
-1.114632e+00
-2.007675e+00
-1.604591e+00
-1.497463e+00
-1.551742e+00
-1.303772e+00
-1.756450e+00
-9.627231e-01
-2.232102e+00
-1.330527e+00
-1.343382e+00
-1.115074e+00
-1.780406e+00
-1.140737e+00
-2.134332e+00
-1.431988e+00
-1.980068e+00
-1.576939e+00
-1.678252e+00
-2.558795e+00
-1.505176e+00
-9.857676e-01
-1.355442e+00
-1.441841e+00
-9.187103e-01
-7.597124e-01
-1.380528e+00
-1.450192e+00
-1.679811e+00
-7.902658e-01
-1.567849e+00
-1.812577e+00
-1.179606e+00
-1.369106e+00
-1.923179e+00
-1.682446e+00
-2.121517e+00
-9.097029e-01
-1.933174e+00
-1.947932e+00
-1.230327e+00
-1.431722e+00
-1.771077e+00
-1.865789e+00
-2.036064e+00
-9.592131e-01
-1.700071e+00
-1.024710e+00
-1.014262e+00
-3.996230e-01
-1.012951e+00
-1.473532e+00
-1.886553e+00
-9.045388e-01
-1.626342e+00
-1.849259e+00
-1.336406e+00
-1.488873e+00
-1.809987e+00
-1.899510e+00
-2.275100e+00
-1.285613e+00
-2.146272e+00
-1.777304e+00
-5.686734e-01
-1.383325e+00
-1.521217e+00
-2.428569e+00
-2.194000e+00
-8.782456e-01
-2.305349e+00
-1.164314e+00
-9.507299e-01
-3.095916e-01
-6.010343e-01
-9.861517e-01
-1.643654e+00
-8.809244e-01
-2.486627e+00
-1.091465e+00
-7.964365e-01
-4.904446e-01
-7.325268e-01
-1.425968e+00
-1.718140e+00
-8.438757e-01
-2.276824e+00
-1.214032e+00
-7.315370e-01
-4.253140e-01
-8.786926e-01
-1.135580e+00
-1.621003e+00
-6.014654e-01
-2.322935e+00
-1.762812e+00
-4.924553e-01
-2.149368e+00
-1.658335e+00
-1.959624e+00
-1.874035e+00
-1.508768e+00
-1.764735e+00
-1.473310e+00
-7.055313e-01
-1.439205e+00
-1.487881e+00
-1.564032e+00
-1.487030e+00
-1.010353e+00
-1.973336e+00
-1.054050e+00
-3.831110e-01
-1.449743e+00
-6.598782e-01
-8.710561e-01
-9.966287e-01
-4.687935e-01
-1.638624e+00
-1.650731e+00
-1.225495e+00
-1.584290e+00
-1.809938e+00
-1.703627e+00
-1.890086e+00
-1.165729e+00
-2.158391e+00
-1.427426e+00
-1.362750e+00
-1.454346e+00
-1.302797e+00
-1.463894e+00
-1.478150e+00
-9.926022e-01
-2.113419e+00
-1.393581e+00
-1.240740e+00
-5.550226e-01
-1.444265e+00
-1.207205e+00
-1.692887e+00
-1.310546e+00
-1.250451e+00
-1.973169e+00
-7.258434e-01
-1.052138e+00
-1.588303e+00
-1.615245e+00
-1.798871e+00
1.494973e-01
-6.172139e-01
-1.033226e+00
-1.079378e+00
1.341911e-01
-1.300049e+00
-1.620236e+00
-1.785780e+00
-5.577152e-01
-1.048309e+00
-1.262709e+00
-1.066202e+00
6.374679e-01
-1.414031e+00
-1.394427e+00
-1.874447e+00
-7.799607e-01
7.030097e-01
3.105999e-01
8.836948e-02
-1.504928e+00
-5.609769e-01
-1.089928e+00
-3.003872e-01
2.962745e-01
-1.843336e+00
-3.796976e-01
-1.183200e+00
1.173216e+00
-1.119370e+00
-8.962220e-01
-1.682636e+00
-9.756578e-01
9.186362e-01
-7.722173e-01
-1.700600e+00
-8.912846e-01
-9.492572e-01
-9.814109e-01
-1.544953e+00
-4.021807e-01
-2.602006e+00
-6.892504e-01
-1.195531e+00
-1.067996e+00
-1.151329e+00
-1.528584e+00
-1.450578e+00
4.633463e-02
-2.353545e+00
-9.163621e-01
-2.463220e+00
-1.141780e+00
-1.247732e+00
-1.145985e+00
-2.059108e+00
-1.137943e+00
-2.542093e+00
-1.773845e+00
-8.833506e-01
-1.940832e+00
-1.667713e+00
-1.888599e+00
-1.413410e+00
-2.208492e-01
-1.124703e+00
-1.389014e+00
-2.310786e+00
-1.546113e+00
-1.418824e+00
-2.403466e+00
-2.589133e+00
-2.154003e+00
-2.334642e+00
-9.498323e-01
-1.683060e+00
-1.748226e+00
-1.315630e+00
-1.539296e+00
-1.752297e+00
-1.560437e+00
-1.809301e+00
-1.630180e+00
-2.123194e+00
-1.729120e+00
-1.382467e+00
-2.207165e+00
-2.417541e+00
-2.047739e+00
-2.401885e+00
-1.683916e+00
-1.921478e+00
-1.787000e+00
-1.361230e+00
-2.150224e+00
-2.349566e+00
-1.940789e+00
-2.399914e+00
-1.558417e+00
-2.236526e+00
-1.424761e+00
-1.405782e+00
-2.435948e+00
-2.382296e+00
-1.957343e+00
-2.212220e+00
-1.346813e+00
-2.398507e+00
-1.437998e+00
-1.545209e+00
-2.339033e+00
-2.664481e+00
-1.942414e+00
-2.025939e+00
-1.773982e+00
-2.276424e+00
-1.631859e+00
-1.782112e+00
-2.353813e+00
-2.627198e+00
-1.821695e+00
-2.408094e+00
-2.471991e+00
-1.358793e+00
-2.482348e+00
-2.174306e+00
-2.062921e+00
-1.941265e+00
-2.104800e+00
-1.909878e+00
-2.146798e+00
-1.649284e+00
-2.197226e+00
-1.770980e+00
-1.967347e+00
-2.123424e+00
-2.082698e+00
-1.969573e+00
-1.940876e+00
-1.651154e+00
-1.726418e+00
-1.426745e+00
-1.406374e+00
-2.225399e+00
-1.669165e+00
-2.283527e+00
-1.583607e+00
-7.722449e-01
-1.100469e+00
-1.032304e+00
-2.540649e+00
-3.239188e-01
5.405003e-02
-1.314453e+00
-8.738651e-01
-1.628780e+00
-8.394215e-01
-1.690330e+00
-2.219765e+00
-1.807638e+00
-1.063118e+00
-1.844512e+00
-1.337655e+00
-1.440408e+00
-1.031091e+00
-1.470528e+00
-2.451091e+00
-6.091675e-01
-2.942022e-01
-1.302709e+00
-1.602061e+00
-1.428578e+00
-1.234850e+00
-1.509160e+00
-2.682307e+00
-7.511115e-01
-5.574889e-01
-1.462414e+00
-7.752411e-01
-1.974904e+00
-6.802085e-01
-1.034663e+00
-1.903567e+00
-1.663351e+00
-8.058824e-01
-2.269690e+00
-1.021529e+00
-1.626107e+00
-8.942549e-01
-1.349482e+00
-1.937844e+00
-1.654332e+00
-8.780210e-01
-2.146119e+00
-8.712346e-01
-1.148558e+00
-9.224247e-01
-7.857784e-01
-1.633473e+00
-1.558535e+00
-4.427796e-01
-2.321864e+00
-4.944608e-01
-1.846122e+00
-3.563289e-01
-7.620278e-01
-1.315560e+00
-1.317231e+00
-6.598442e-01
-1.315452e+00
-1.428373e+00
-1.713812e+00
-1.057997e+00
-1.437713e+00
-2.133283e+00
-2.068138e+00
-1.012507e+00
-2.149524e+00
-3.323649e-01
-1.895289e-01
4.594187e-01
-2.574531e-01
-9.447872e-01
-1.540042e+00
-3.911187e-01
-1.789354e+00
-1.310087e+00
5.054087e-02
-1.236613e+00
-1.334485e+00
-1.492276e+00
-1.962451e+00
-9.171248e-03
-2.145113e+00
-3.437805e-01
-3.721468e-01
-1.364480e-01
-2.946359e-01
-8.029742e-01
-1.713019e+00
-2.325467e-01
-2.621927e+00
-6.130038e-01
-3.807063e-01
-5.099200e-01
-6.082259e-01
-1.162056e+00
-1.694761e+00
1.891711e-01
-2.208824e+00
-1.157311e+00
-5.673956e-01
-5.112698e-01
-9.712903e-01
-1.523264e+00
-2.244717e+00
-6.239201e-01
-2.447907e+00
-8.921822e-01
-1.798341e+00
-1.170047e+00
-1.587993e+00
-1.759238e+00
-2.367000e+00
-1.739680e+00
-1.467671e+00
-1.124594e+00
-1.721387e+00
-1.235395e+00
-1.172800e+00
-1.775429e+00
-1.897032e+00
-1.172972e+00
-1.719108e+00
-1.133094e+00
-1.416193e+00
-1.576909e+00
-1.423468e+00
-1.860565e+00
-1.952515e+00
-1.209684e+00
-1.898547e+00
-9.563937e-01
-1.666455e+00
-1.054237e+00
-1.456407e+00
-1.989805e+00
-2.298458e+00
-1.146667e+00
-1.426640e+00
-8.973541e-01
-1.567242e+00
-1.177860e+00
-1.054200e+00
-1.617927e+00
-1.880663e+00
-8.103171e-01
-1.733106e+00
-7.932490e-01
-1.660331e-01
-1.871312e+00
-1.187202e+00
-1.531305e+00
-7.417618e-01
5.694122e-01
-1.419534e+00
-1.970940e+00
-2.033793e+00
-1.652333e+00
-2.266878e+00
-2.065220e+00
-2.108584e+00
-1.952647e+00
-1.705718e+00
-1.397233e+00
-1.548174e+00
-1.049059e+00
-1.691774e+00
-1.820842e+00
-1.749100e+00
-1.421596e+00
-1.561491e+00
-1.273693e+00
-1.080386e+00
-9.103117e-01
-1.667410e+00
-1.626969e+00
-1.469313e+00
-1.030340e+00
-1.229870e+00
-1.279874e+00
-1.126361e+00
-8.775433e-01
-1.481202e+00
-1.133478e+00
-9.498466e-01
-7.647869e-01
-4.691918e-01
-1.937067e+00
-6.234627e-01
-1.424239e+00
-1.660153e+00
-1.625182e+00
-1.029821e+00
-7.894333e-01
-7.616407e-01
-1.422635e+00
-1.086959e+00
-9.168208e-01
-1.607435e+00
-1.590251e+00
-1.547647e+00
-8.201229e-01
-1.413478e+00
-1.629463e+00
-1.063616e+00
-1.114482e+00
-2.037378e+00
-2.132098e+00
-1.934544e+00
-1.098705e+00
-1.665157e+00
-1.634218e+00
-1.135180e+00
-1.103931e+00
-1.404306e+00
-9.097499e-01
-1.473144e+00
-1.061269e+00
-1.721383e+00
-4.991619e-01
-9.483567e-01
1.852282e-01
-8.486096e-01
-7.565468e-01
-1.238273e+00
-9.214052e-01
-1.595454e+00
-9.755181e-01
-1.382541e+00
-1.175955e-01
-1.431079e+00
-1.320988e+00
-1.484075e+00
-1.224491e+00
-1.495704e+00
-1.303009e+00
-1.356104e+00
-6.857278e-01
-1.460974e+00
-1.003346e+00
-1.465846e+00
-8.268308e-01
-1.919116e+00
-1.726103e+00
-7.894924e-01
-9.608422e-01
-1.733693e+00
-1.604763e+00
-1.414022e+00
-1.029564e+00
-1.819999e+00
-1.094600e+00
-1.707137e+00
-2.664079e-01
-1.593769e+00
-1.340325e+00
-1.742595e+00
-1.383553e+00
-1.435164e+00
-1.077903e+00
-7.896342e-01
-7.751794e-01
-1.013361e+00
-1.159942e+00
-1.124529e+00
-6.411042e-01
-1.572931e+00
-1.186104e+00
-1.652061e+00
-6.618841e-01
-1.227674e+00
-1.708851e+00
-1.491125e+00
-3.410410e+00
-1.258028e+00
-1.233201e+00
-1.103029e+00
-7.829112e-01
-1.322589e+00
-1.261071e+00
-1.389509e+00
-1.133882e+00
-1.689589e+00
-2.089723e+00
-2.110225e+00
-1.706536e+00
-2.438142e+00
-2.339721e+00
-2.245369e+00
-1.864567e+00
-1.575444e+00
-2.012139e+00
-1.999305e+00
-1.700480e+00
-2.337901e+00
-2.067332e+00
-2.011666e+00
-2.038485e+00
-1.594525e+00
-9.247574e-01
-1.747328e+00
-1.197754e+00
-1.686666e+00
-2.114866e+00
-1.714952e+00
-1.630959e+00
-1.682555e+00
-1.438719e+00
-1.667898e+00
-1.591707e+00
-1.956032e+00
-2.135674e+00
-2.077565e+00
-2.132178e+00
-1.709218e+00
-8.983409e-01
-1.816401e+00
-9.742615e-01
-1.708365e+00
-1.954253e+00
-1.542499e+00
-1.620133e+00
-1.218276e+00
-1.676106e+00
-1.398876e+00
-1.656568e+00
-2.062332e+00
-2.111954e+00
-1.436323e+00
-1.505513e+00
-1.394337e+00
-1.496627e+00
-1.700371e+00
-1.316707e+00
-1.843213e+00
-2.503598e+00
-8.227785e-01
-1.034797e+00
-1.125752e+00
-1.121555e+00
-1.522054e+00
-1.274583e+00
-1.510407e+00
-1.692777e+00
-1.243449e+00
-6.944598e-01
-1.233457e+00
-9.339334e-01
-1.368111e+00
-7.874688e-01
-1.727519e+00
-1.759647e+00
-1.248751e+00
-1.533207e+00
-1.277901e+00
-2.220813e-01
-1.660825e+00
7.159451e-02
-9.652429e-01
-1.222790e+00
-1.201450e+00
-1.411793e+00
-1.374932e+00
-1.366196e+00
-1.148742e+00
-8.824949e-01
-1.820859e+00
-1.977279e+00
-1.372872e+00
-1.260505e+00
-1.551805e+00
-1.211097e+00
-1.562035e+00
-7.724932e-01
-1.713862e+00
-1.801660e+00
-1.501438e+00
-1.444055e+00
-1.555194e+00
-1.806489e+00
-4.250278e-01
-1.081026e+00
-1.280761e+00
-2.198748e+00
-1.887231e+00
-5.222857e-01
-1.924191e+00
-7.589761e-01
-9.636612e-01
-2.659966e-01
-9.136415e-01
-1.401659e+00
-1.043004e+00
-9.089774e-01
-1.516038e+00
-1.203556e+00
-8.268989e-01
-5.224284e-01
-8.329684e-01
-1.470778e+00
-6.859430e-01
-4.707808e-01
-8.769057e-01
-1.569355e+00
-3.080664e-01
-1.182136e+00
-1.198662e+00
-1.935759e+00
-1.791271e+00
-4.820477e-01
-1.875962e+00
-1.392678e+00
-5.387873e-01
-8.813719e-01
-1.274519e+00
-1.740833e+00
-1.519110e+00
-7.472239e-01
-1.666377e+00
-1.539104e+00
-1.573719e+00
-1.368389e+00
-1.584468e+00
-1.185374e+00
-1.864994e+00
-1.233961e+00
-1.673137e+00
-1.562947e+00
-1.420487e+00
-1.274049e+00
-2.022906e+00
-1.551834e+00
-1.782784e+00
-1.682990e+00
-1.064799e+00
-1.021633e+00
-1.327340e+00
-9.822261e-01
-1.535488e+00
-1.291477e+00
-1.943982e+00
-1.267887e+00
-1.533251e+00
-7.138011e-01
-1.452162e+00
-5.254047e-01
-9.187310e-01
-9.953669e-01
-1.458888e+00
-1.123884e+00
-1.265225e+00
-1.368372e+00
-1.429823e+00
-1.258848e+00
-1.911712e+00
-1.397490e+00
-1.695236e+00
-1.855408e+00
-1.346720e+00
-6.337462e-01
-7.420188e-01
-1.508187e+00
-1.235666e+00
-1.320924e+00
-7.926239e-01
2.170839e-01
-1.479852e+00
-1.046510e+00
-1.238726e+00
-3.121114e-01
-1.599665e+00
-1.881229e+00
-2.093267e+00
-5.636032e-01
-1.220089e+00
5.964323e-01
-7.002363e-02
-8.823195e-01
-6.470500e-01
-8.777951e-01
-3.665081e-01
1.001950e-01
-1.675743e+00
-9.009374e-01
-1.060416e+00
-9.529884e-01
-1.624237e+00
-1.478905e+00
-1.576955e+00
-4.261167e-01
-1.396256e+00
-5.536780e-01
-1.356181e+00
-9.966435e-02
-1.103545e+00
-9.268581e-01
-1.087383e+00
-1.629698e+00
-2.261867e-01
-1.358279e+00
-1.181635e+00
-1.325601e+00
-1.586270e+00
-1.792210e+00
-1.420608e+00
-3.807184e-01
-1.778083e+00
-7.726320e-01
-4.830211e-01
-1.283076e+00
-1.006783e+00
-7.364300e-01
-7.801323e-01
6.938966e-03
-6.772378e-01
-9.583319e-01
-8.228569e-01
-1.203865e+00
-9.086446e-01
-9.517158e-01
-1.324787e+00
-6.330871e-01
-1.273255e+00
-1.773845e+00
-8.833506e-01
-1.940832e+00
-1.667713e+00
-1.888599e+00
-1.413410e+00
-2.208492e-01
-1.124703e+00
-1.583120e+00
-1.732183e+00
-1.074783e+00
-1.760153e+00
-1.874430e+00
-1.553999e+00
-1.762555e+00
-1.693294e+00
-1.869100e+00
-2.759148e+00
-1.510842e+00
-2.111952e+00
-1.966551e+00
-1.718220e+00
-2.090368e+00
-1.987605e+00
-1.761113e+00
-1.805614e+00
-1.862487e+00
-2.251378e+00
-1.723166e+00
-1.642305e+00
-2.032856e+00
-1.814586e+00
-1.493768e+00
-2.094616e+00
-1.567372e+00
-1.548517e+00
-2.064260e+00
-2.018066e+00
-2.270562e+00
-1.834071e+00
-1.352053e+00
-1.700601e+00
-1.141770e+00
-1.273552e+00
-1.882479e+00
-1.992069e+00
-1.606409e+00
-1.694967e+00
-2.070494e+00
-2.201414e+00
-1.733821e+00
-2.125546e+00
-2.090858e+00
-2.305308e+00
-2.342578e+00
-1.969553e+00
-2.065214e+00
-2.208938e+00
-1.640943e+00
-2.305065e+00
-2.103553e+00
-2.191739e+00
-1.848335e+00
-1.712219e+00
-1.906918e+00
-1.287639e+00
-2.212980e+00
-1.885443e+00
-1.318413e+00
-1.506170e+00
-1.552875e+00
-1.998709e+00
-1.398308e+00
-1.539334e+00
-1.448814e+00
-1.828974e+00
-2.588414e+00
-1.596258e+00
-7.894669e-01
-1.124446e+00
-2.238318e+00
-7.970616e-01
-1.997000e+00
-1.856856e+00
-1.414507e+00
-1.466976e+00
-4.638578e-01
-1.042888e+00
-2.207233e+00
-5.966082e-01
-1.877730e+00
-2.037899e+00
-1.626586e+00
-1.643256e+00
-4.508856e-01
-1.165939e+00
-2.255769e+00
-7.657875e-01
-1.929056e+00
-1.947841e+00
-1.411362e+00
-1.459610e+00
-2.676249e-01
-9.759066e-01
-2.170884e+00
-9.131035e-01
-1.717097e+00
-1.978456e+00
-1.582444e+00
-1.619399e+00
-3.207838e-01
-1.204686e+00
-2.320096e+00
-9.518969e-01
-2.064366e+00
-2.166726e+00
-1.533277e+00
-1.886229e+00
-5.715760e-01
-1.183762e+00
-1.688607e+00
-1.444007e+00
-1.391909e+00
-1.463474e+00
-1.626241e+00
-1.510197e+00
-9.644320e-01
-1.919729e+00
-1.882476e+00
-1.404871e+00
-1.351298e+00
-1.725212e+00
-1.931436e+00
-1.293397e+00
-6.134280e-01
-1.718759e+00
-1.432615e+00
-1.273455e+00
-1.175499e+00
-1.524478e+00
-1.621690e+00
-1.284351e+00
-6.669314e-01
-1.593180e+00
-1.409466e+00
-1.092620e+00
-9.927630e-01
-1.907811e+00
-1.809995e+00
-1.551131e+00
-2.130154e+00
-1.081632e+00
-1.677785e+00
-1.575749e+00
-1.334844e+00
-2.037171e+00
-1.982131e+00
-1.857390e+00
-1.072646e+00
-2.055657e+00
-2.173296e+00
-1.153979e+00
-1.070066e+00
-1.728405e+00
-1.806777e+00
-1.526735e+00
-8.018330e-01
-2.052397e+00
-2.243775e+00
-1.058124e+00
-1.198260e+00
-1.558936e+00
-1.987768e+00
-1.312812e+00
-5.598677e-01
-2.184336e+00
-1.911815e+00
-8.813603e-01
-1.309291e+00
-1.461108e+00
-1.812789e+00
-1.511480e+00
-7.517741e-01
-2.268227e+00
-2.260777e+00
-1.541189e+00
-1.305457e+00
-2.050810e+00
-2.088296e+00
-1.819168e+00
-1.140586e+00
-2.331828e+00
-2.257892e+00
-1.750360e+00
-1.170256e+00
-1.977488e+00
-2.144504e+00
-1.692916e+00
-8.130783e-01
-1.881671e+00
-1.866612e+00
-9.239081e-01
-1.500869e+00
-1.557431e+00
-1.664201e+00
-1.248529e+00
-1.099351e-02
-6.952711e-01
-1.788172e+00
-8.806403e-01
-7.742146e-01
-1.445544e+00
-1.655010e+00
-1.312155e+00
1.252626e-01
-5.621043e-01
-1.779392e-01
5.295781e-01
-1.475093e+00
-5.453905e-01
-8.766626e-01
4.996447e-01
1.314193e+00
-7.648110e-01
-9.407456e-01
-4.614570e-01
-1.149958e+00
-1.300274e+00
-1.610415e+00
-1.845739e+00
-8.238370e-02
-1.913008e+00
-1.426776e+00
-6.865956e-01
-1.682053e+00
-1.405841e+00
-1.698345e+00
-1.280841e+00
-2.904883e-01
-1.021100e+00
-1.794054e+00
-9.696233e-01
-1.510085e+00
-2.220125e+00
-2.288588e+00
-1.259942e+00
-9.859954e-02
-1.561987e+00
-1.485335e+00
-1.344592e+00
-1.740319e+00
-1.821373e+00
-1.615785e+00
-1.758279e+00
-4.514857e-01
-1.966895e+00
-1.367846e+00
-1.188067e+00
-1.741286e+00
-1.501773e+00
-1.536204e+00
-1.655308e+00
-3.871672e-01
-1.759568e+00
-1.354180e+00
-6.031515e-01
-1.158181e+00
-1.320839e+00
-1.938502e+00
-9.211361e-01
3.178446e-01
-1.453256e+00
-1.841125e+00
-1.329219e+00
-1.992719e+00
-2.102740e+00
-1.845225e+00
-1.796393e+00
-5.237488e-01
-1.824092e+00
-1.777775e+00
-9.680493e-01
-2.018690e+00
-1.548828e+00
-1.154651e+00
-1.201340e+00
-1.231064e+00
-1.907683e+00
-1.781077e+00
-1.785742e+00
-2.238755e+00
-1.834045e+00
-1.664893e+00
-1.993931e+00
-1.926398e+00
-2.259102e+00
-1.834783e+00
-1.294188e+00
-2.431002e+00
-1.715133e+00
-1.407729e+00
-1.751265e+00
-1.586666e+00
-2.387561e+00
-1.888350e+00
-1.710325e+00
-2.197473e+00
-1.898955e+00
-1.671929e+00
-1.941021e+00
-1.908893e+00
-2.177802e+00
-2.367998e+00
-1.574544e+00
-2.347291e+00
-2.032866e+00
-2.019300e+00
-2.061483e+00
-2.114689e+00
-1.816440e+00
-2.528310e+00
-1.417276e+00
-2.331376e+00
-2.159713e+00
-1.836630e+00
-1.707542e+00
-1.961758e+00
-1.789534e+00
-2.471991e+00
-1.358793e+00
-2.482348e+00
-2.174306e+00
-2.062921e+00
-1.941265e+00
-2.104800e+00
-1.909878e+00
-2.146798e+00
-1.649284e+00
-2.197226e+00
-1.770980e+00
-1.967347e+00
-2.123424e+00
-2.082698e+00
-1.969573e+00
-2.386673e+00
-1.503694e+00
-2.390052e+00
-1.986883e+00
-1.858946e+00
-1.945360e+00
-1.757033e+00
-2.026574e+00
-7.811243e-01
-1.276308e+00
-9.572714e-01
-1.483999e+00
-2.097970e+00
-1.358211e+00
-5.423482e-01
-1.629447e+00
-9.086980e-01
-1.154175e+00
-1.033472e+00
-1.313753e+00
-2.272773e+00
-1.916935e+00
-8.274559e-01
-1.422043e+00
-1.308433e+00
-8.235652e-01
-1.337428e+00
-1.480514e+00
-2.270168e+00
-1.681285e+00
-7.187126e-01
-1.918366e+00
-1.267816e+00
-1.625542e+00
-1.421487e+00
-1.728939e+00
-2.452082e+00
-1.274975e+00
-3.107220e-01
-1.210600e+00
-1.708645e+00
-8.717105e-01
-1.759259e+00
-1.867997e+00
-2.075910e+00
-1.062649e+00
-4.613264e-01
-1.539306e+00
-1.527028e+00
-1.141167e+00
-1.576536e+00
-1.785292e+00
-1.957307e+00
-1.146125e+00
-7.459422e-01
-1.554704e+00
-1.508567e+00
-8.348601e-01
-1.640133e+00
-1.717083e+00
-1.744942e+00
-1.097541e+00
-5.099209e-01
-1.473530e+00
-1.450021e+00
-9.882507e-01
-1.503912e+00
-1.841036e+00
-1.874455e+00
-1.075429e+00
-7.468186e-01
-1.547732e+00
-1.316438e+00
-1.222281e+00
-1.382932e+00
-1.741806e+00
-1.697646e+00
-1.197163e+00
-6.412465e-01
-1.137491e+00
-1.324498e+00
2.291470e-01
-8.838572e-01
-1.055465e+00
-1.594001e+00
-1.168819e+00
1.950431e-01
-1.342250e+00
-1.642860e+00
3.451127e-02
-1.364147e+00
-1.254687e+00
-1.793101e+00
-8.750451e-01
-1.415434e-02
-1.039565e+00
-1.742345e+00
4.129224e-01
-1.268940e+00
-1.289616e+00
-2.028776e+00
-1.147505e+00
5.368943e-01
-1.264548e+00
-1.271733e+00
7.957334e-01
-7.660358e-01
-9.482092e-01
-1.560565e+00
-8.492385e-01
5.808226e-01
-9.977879e-01
-1.419973e+00
-6.189470e-01
-8.309866e-01
-1.237981e+00
-1.750542e+00
-1.439709e+00
-3.005075e-01
-1.423185e+00
-1.562947e+00
-1.420487e+00
-1.274049e+00
-2.022906e+00
-1.551834e+00
-1.782784e+00
-1.682990e+00
-1.064799e+00
-2.086165e+00
-1.419638e+00
-1.931560e+00
-2.106293e+00
-1.491925e+00
-1.626548e+00
-1.214277e+00
-1.851132e+00
-2.259221e+00
-9.855098e-01
-1.815688e+00
-1.839033e+00
-1.230260e+00
-1.332060e+00
-7.868915e-01
-1.858423e+00
-2.092240e+00
-1.152368e+00
-1.995040e+00
-1.880075e+00
-1.031878e+00
-1.437383e+00
-9.415940e-01
-1.887697e+00
-1.973979e+00
-1.103023e+00
-1.880363e+00
-1.974736e+00
-1.546448e+00
-1.625074e+00
-1.120241e+00
-1.809047e+00
-1.258751e+00
-1.801728e+00
-1.345993e+00
-1.292889e+00
-1.663690e+00
-1.820315e+00
-1.718677e+00
-1.520783e+00
-8.254599e-01
-1.243496e+00
-5.510332e-01
-1.283285e+00
-1.241298e+00
-8.416788e-01
-1.040767e+00
-2.555161e-01
-1.454248e+00
-1.349298e+00
-1.094146e+00
-2.072018e+00
-1.221463e+00
-1.415061e+00
-8.517195e-01
-7.688991e-01
-1.366626e+00
-1.364894e+00
-8.905246e-01
-1.874691e+00
-1.161381e+00
-1.225634e+00
-7.056395e-01
-8.106568e-01
-1.668804e+00
-1.708378e+00
-1.403738e+00
-2.054039e+00
-1.168670e+00
-1.257202e+00
-1.145547e+00
-6.051289e-01
-9.892245e-01
-1.540885e+00
-5.466674e-01
-1.517656e+00
-8.490829e-01
-6.569571e-01
-6.795023e-01
3.486995e-02
-1.611710e+00
-7.813213e-01
-1.204871e+00
-1.749424e+00
-2.137083e+00
-1.325130e+00
-7.604673e-01
-1.183474e+00
-1.364772e+00
-1.037012e+00
-8.159059e-01
-1.800215e+00
-1.549335e+00
-1.050271e+00
-6.325064e-01
-9.822295e-01
-1.250493e+00
-3.310104e-01
-9.041482e-01
-1.218053e+00
-1.433028e+00
-7.574030e-01
-3.475802e-01
-1.142513e+00
-1.174466e+00
-1.037350e+00
-6.806210e-01
-1.439702e+00
-1.511654e+00
-1.206269e+00
-1.211518e+00
-7.831798e-01
-1.321287e+00
-8.010575e-01
-9.518555e-01
-1.827811e+00
-1.962834e+00
-1.358659e+00
-1.260876e+00
-8.478267e-01
-1.811367e+00
-1.103859e+00
-1.509535e+00
-1.742410e+00
-1.777100e+00
-1.012726e+00
-8.189417e-01
-1.845833e+00
-1.863874e+00
-1.129678e+00
-1.527272e+00
-1.816248e+00
-1.887666e+00
-1.343644e+00
-1.265525e+00
-2.112199e+00
-1.731836e+00
-1.630139e+00
-1.203357e+00
-1.746604e+00
-1.807245e+00
-1.447601e+00
-1.347486e+00
-1.818220e+00
-1.064588e+00
-6.803576e-01
-3.763679e-02
-1.549285e+00
-7.784489e-01
-1.602958e+00
-1.853798e+00
-9.056993e-01
-1.976600e+00
-1.426165e+00
-2.684215e-01
-1.965588e+00
-1.515399e+00
-1.262522e+00
-1.445104e+00
-2.488457e-01
-1.430310e+00
-1.260854e+00
-1.875510e-01
-1.474299e+00
-1.570696e+00
-1.372827e+00
-7.826775e-01
4.288291e-01
-2.002977e+00
-1.334269e+00
-1.599346e+00
-1.965177e+00
-2.079443e+00
-1.702713e+00
-6.590695e-01
-8.827368e-01
-1.002922e+00
-1.102539e+00
3.308175e-02
-1.391728e+00
-1.610232e+00
-2.376144e+00
-6.363246e-01
-9.474216e-01
-1.607109e+00
-8.965759e-01
-1.319859e+00
-1.845377e+00
-2.249774e+00
-1.369492e+00
-2.553622e-01
-8.209614e-01
-1.621555e+00
-1.537418e+00
-5.528809e-01
-1.841426e+00
-1.828687e+00
-1.657143e+00
-6.825989e-01
-2.054583e-02
-5.536780e-01
-1.356181e+00
-9.966435e-02
-1.103545e+00
-9.268581e-01
-1.087383e+00
-1.629698e+00
-2.261867e-01
-1.085069e+00
-1.289494e+00
-6.419393e-01
-1.630345e+00
-1.234455e+00
-1.298349e+00
-1.115916e+00
-5.387929e-01
-9.763027e-01
-1.411014e+00
-6.646858e-01
-1.244197e+00
-6.854515e-01
-1.226163e+00
-9.254782e-01
-6.587828e-01
-7.011086e-01
-1.230528e+00
-8.041567e-01
-1.120161e+00
-6.926836e-01
-1.180295e+00
-1.173860e+00
-6.953884e-01
-1.209188e+00
-1.266882e+00
-1.780984e+00
-1.385920e+00
-1.118386e+00
-1.427945e+00
-2.980015e-01
-1.893816e+00
-1.619412e+00
-1.661537e+00
-2.163671e+00
-1.598151e+00
-1.716194e+00
-1.808627e+00
-1.716525e+00
-2.030516e+00
-1.594829e+00
-1.635053e+00
-2.180995e+00
-1.512775e+00
-1.796911e+00
-2.048104e+00
-1.855573e+00
-2.230175e+00
-1.221914e+00
-1.835499e+00
-1.649574e+00
-1.349734e+00
-1.709877e+00
-1.878710e+00
-1.644414e+00
-1.815944e+00
-9.498323e-01
-1.683060e+00
-1.748226e+00
-1.315630e+00
-1.539296e+00
-1.752297e+00
-1.560437e+00
-1.809301e+00
-1.878172e+00
-1.777187e+00
-1.668925e+00
-1.864461e+00
-1.656667e+00
-1.766544e+00
-2.010554e+00
-1.110054e+00
-2.087579e+00
-1.821573e+00
-2.059669e+00
-1.883112e+00
-1.894590e+00
-1.821712e+00
-1.868046e+00
-1.427005e+00
-2.021210e+00
-1.503211e+00
-1.985522e+00
-1.807213e+00
-1.671778e+00
-1.512056e+00
-1.815075e+00
-1.234395e+00
-1.647108e+00
-1.900668e+00
-1.581092e+00
-1.593282e+00
-1.554375e+00
-1.787194e+00
-2.013545e+00
-1.177346e+00
-1.840747e+00
-1.783808e+00
-1.832336e+00
-1.696864e+00
-1.862207e+00
-1.827612e+00
-1.858377e+00
-1.464481e+00
-6.266857e-01
-9.885451e-01
-1.269440e+00
-1.185444e+00
-1.022094e+00
-1.356640e+00
-1.450612e+00
-7.791395e-01
-7.604056e-01
-1.756858e+00
-9.695664e-01
-1.718043e+00
-1.488371e+00
-1.399325e+00
-1.829857e+00
-2.378216e-01
-1.606550e+00
-8.948166e-01
-1.649142e+00
-1.647191e+00
-1.537822e+00
-1.195456e+00
-1.135558e+00
-1.034489e+00
-1.530854e-01
-9.095930e-01
-9.691831e-01
-9.582832e-01
-7.961955e-01
-1.042242e+00
-1.687872e+00
-3.468408e-01
-3.905971e-01
-1.421790e+00
-7.494561e-01
-1.152773e+00
-1.192556e+00
-7.629797e-01
-1.164704e+00
5.499802e-02
-1.207998e+00
-1.398586e+00
-1.445248e+00
-1.781813e+00
-1.413031e+00
-8.728296e-01
-8.918593e-01
-5.410084e-01
-1.208742e+00
-1.193681e+00
-1.446886e+00
-1.857225e+00
-1.682532e+00
-7.719354e-01
-7.421489e-01
-8.098024e-01
-1.316605e+00
-1.551966e+00
-1.619526e+00
-2.051364e+00
-1.696290e+00
-1.025884e+00
-1.025077e+00
-8.863787e-01
-1.065549e+00
-1.614538e+00
-1.221984e+00
-1.905827e+00
-1.801779e+00
-1.087033e+00
-1.060469e+00
-8.768246e-01
-6.519102e-01
-1.807459e+00
-4.936352e-01
-1.524704e+00
-1.458562e+00
-1.251923e+00
-1.243507e+00
-6.551245e-01
-7.569753e-01
-6.991264e-01
2.263828e-01
-9.525383e-01
-1.268490e+00
-8.608772e-02
-2.652620e-01
-2.057275e-01
-8.493683e-01
-6.599812e-01
5.147112e-04
-9.445591e-01
-1.427662e+00
-4.959942e-01
-3.790384e-01
-4.729820e-01
-1.358098e+00
-2.039807e-01
-9.514550e-01
-1.257809e+00
-1.769666e+00
-8.510255e-01
1.077647e-01
-9.740403e-01
-1.165476e+00
-9.757643e-01
-7.521496e-01
-1.359212e+00
-1.792937e+00
-1.003454e+00
-9.579538e-01
-6.390785e-01
-1.546026e+00
-7.158462e-01
-1.402084e+00
-1.470256e+00
-2.156734e+00
-1.632711e+00
-6.921133e-01
-1.517151e+00
-1.736596e+00
-1.210118e+00
-1.359708e+00
-1.690115e+00
-1.541343e+00
-1.523594e+00
-8.839637e-01
-1.098966e+00
-1.513459e+00
-1.895488e+00
-1.807103e+00
-1.822795e+00
-1.647644e+00
-2.233797e+00
-1.386629e+00
-1.823097e+00
-1.600300e+00
-1.031901e+00
-1.025078e+00
-1.694466e+00
-1.395166e+00
-1.189870e+00
-9.890767e-01
-9.806224e-01
-1.940584e+00
-1.196385e+00
-1.670173e+00
-1.868648e+00
-1.531574e+00
-1.370229e+00
-1.116309e+00
-1.087593e+00
-1.339099e+00
-8.471145e-01
-7.833763e-01
-1.523159e+00
-1.128676e+00
-1.078069e+00
-8.659113e-01
-8.542941e-01
-1.325409e+00
-8.749507e-01
-1.681455e+00
-1.992189e+00
-1.696526e+00
-2.026318e+00
-1.711804e+00
-7.376797e-01
-1.847257e+00
-1.520738e+00
-1.601780e+00
-2.138925e+00
-1.766777e+00
-1.645330e+00
-1.559042e+00
-1.434415e+00
-1.305090e+00
-1.050200e+00
-9.756207e-01
-1.602590e+00
-1.534742e+00
-1.295630e+00
-1.229670e+00
-8.686083e-01
-1.360645e+00
-1.375283e+00
-9.351633e-01
-1.561689e+00
-1.646315e+00
-1.199738e+00
-1.412654e+00
-7.045682e-01
-1.553809e+00
-7.319952e-01
-1.158627e+00
-1.687817e+00
-1.813433e+00
-1.306000e+00
-1.133653e+00
-9.358953e-01
-1.226222e+00
-1.268431e+00
-1.180299e+00
-1.589113e+00
-1.264605e+00
-1.464998e+00
-1.795805e+00
-9.009572e-01
-1.339145e+00
-5.867265e-01
-1.324702e+00
-1.828830e+00
-1.806758e+00
-1.953050e+00
-2.165082e+00
-1.292499e+00
-9.641837e-01
-9.417251e-01
-1.019653e+00
-1.132787e+00
-1.145682e+00
-1.453605e+00
-1.446583e+00
-1.560095e+00
-1.227071e+00
-8.600475e-01
-9.974956e-01
-1.354653e+00
-1.135108e+00
-1.625410e+00
-1.550646e+00
-1.496090e+00
-6.216862e-01
-4.005206e-01
-5.762728e-01
-6.374239e-01
-8.080137e-01
-1.173131e+00
-1.278441e+00
-1.520551e+00
-8.263402e-01
-4.253407e-01
-1.175941e+00
-1.078421e+00
-1.452977e+00
-1.695360e+00
-1.852727e+00
-9.780164e-01
-1.512559e+00
-7.296414e-01
-8.258953e-01
-1.362197e+00
-1.166418e+00
-1.185373e+00
-1.077044e+00
-1.791699e+00
-1.609828e+00
-6.650889e-01
-1.301212e+00
-1.400961e+00
-1.291861e+00
-9.595640e-01
-8.053254e-01
-1.850659e+00
-1.258128e+00
-9.864340e-01
-9.232447e-01
-1.705815e+00
-1.309291e+00
-1.642818e+00
-1.695433e+00
-1.523287e+00
-1.064588e+00
-6.803576e-01
-3.763679e-02
-1.549285e+00
-7.784489e-01
-1.602958e+00
-1.853798e+00
-9.056993e-01
-1.114924e+00
-8.875892e-01
-7.048687e-01
-1.493219e+00
-1.066794e+00
-1.400076e+00
-1.772214e+00
-1.223080e+00
-1.471265e+00
-1.170256e+00
-1.061780e+00
-1.648907e+00
-1.790176e+00
-2.080358e+00
-1.457442e+00
-1.119428e+00
-1.973169e+00
-7.258434e-01
-1.052138e+00
-1.588303e+00
-1.615245e+00
-1.798871e+00
1.494973e-01
-6.172139e-01
-7.461280e-01
-6.772171e-01
-1.090011e+00
-1.010671e+00
-1.209334e+00
-1.180340e+00
-5.734693e-01
-8.072330e-01
-1.571162e+00
-8.654281e-01
-1.536803e+00
-1.787525e+00
-2.163699e+00
-2.081232e+00
-8.459109e-01
-1.458117e+00
-1.483755e+00
-8.805157e-01
-1.788411e+00
-1.692181e+00
-2.101112e+00
-1.919103e+00
-7.346232e-01
-1.431163e+00
-1.376480e+00
-9.011215e-01
-1.764635e+00
-1.832095e+00
-1.763143e+00
-2.449253e+00
-1.880155e+00
-1.109893e+00
-8.616279e-01
-6.230825e-01
-1.335070e+00
-1.334751e+00
-1.617100e+00
-2.325738e+00
-2.097800e+00
-1.128955e+00
-1.571276e+00
-1.172683e+00
-1.853691e+00
-2.014735e+00
-2.052293e+00
-2.023034e+00
-1.722614e+00
-1.419767e+00
-1.412527e+00
-7.698704e-01
-1.689471e+00
-1.608841e+00
-1.765551e+00
-1.430249e+00
-1.327940e+00
-4.132548e-01
-9.572102e-01
-1.453577e+00
-1.067145e+00
-1.491605e+00
-1.340743e+00
-1.378530e+00
-2.378669e+00
-1.159966e+00
-7.723005e-01
-7.894419e-01
-5.236191e-01
-1.508849e+00
-1.436331e+00
-9.782780e-01
-1.152961e+00
-1.009641e+00
-6.410805e-01
-1.053841e+00
-4.190053e-01
-1.415421e+00
-1.364820e+00
-8.748028e-01
-1.387995e+00
-9.491197e-01
-8.792750e-01
-1.630132e+00
-7.106898e-01
-1.560807e+00
-1.714094e+00
-1.554635e+00
-2.107261e+00
-1.555346e+00
-1.098521e+00
-1.770624e+00
-9.970697e-01
-1.918381e+00
-1.876914e+00
-1.557962e+00
-2.030139e+00
-1.387835e+00
-1.287603e+00
-6.326139e-02
-9.757574e-01
-1.460629e+00
-1.446999e+00
-1.810948e+00
-9.146071e-01
-1.524613e+00
-1.476352e+00
-3.169100e-01
-1.229637e+00
-1.515896e+00
-1.825187e+00
-2.269003e+00
-9.344287e-01
-2.003318e+00
-1.306935e+00
-3.447793e-01
-8.133805e-01
-1.509104e+00
-1.417710e+00
-1.308091e+00
-1.256337e+00
-7.680240e-01
-1.141190e+00
-1.003484e+00
-1.481525e+00
-1.705628e+00
-1.353816e+00
-2.289704e+00
-1.414996e+00
-1.304432e+00
-1.064612e+00
1.489455e-01
-1.347687e+00
-8.346092e-01
-1.295017e+00
-1.917215e+00
1.794463e-01
-1.869251e+00
-1.247545e+00
-9.277255e-01
-1.744094e+00
-9.680911e-01
-1.002569e+00
-1.184001e+00
-2.727162e-01
-1.867033e+00
-1.513459e+00
-1.895488e+00
-1.807103e+00
-1.822795e+00
-1.647644e+00
-2.233797e+00
-1.386629e+00
-1.823097e+00
-1.361411e+00
-1.197421e+00
-1.550884e+00
-1.718704e+00
-1.610221e+00
-1.670093e+00
-1.469201e+00
-1.526311e+00
-1.584505e+00
-1.086555e+00
-1.894617e+00
-1.849581e+00
-1.894432e+00
-1.894440e+00
-1.390946e+00
-1.792578e+00
-1.023538e+00
-1.188463e+00
-1.391441e+00
-1.288890e+00
-1.494288e+00
-1.738578e+00
-1.515805e+00
-1.888946e+00
-1.795799e+00
-1.086862e+00
-1.717873e+00
-1.893192e+00
-1.486159e+00
-1.113008e+00
-4.010353e-01
-1.102265e+00
-9.568830e-01
-1.016918e+00
-9.977099e-01
-1.196977e+00
-1.134636e+00
-1.457331e+00
-1.243620e+00
-1.110932e+00
-1.040733e+00
-1.654115e+00
-1.230987e+00
-1.393484e+00
-1.110700e+00
-1.925724e+00
-1.644840e+00
-1.328657e+00
-9.997869e-01
-1.076086e+00
-9.945137e-01
-1.638971e+00
-1.688695e+00
-1.522745e+00
-1.005809e+00
-1.182987e+00
-1.534879e+00
-1.395164e+00
-1.675703e+00
-1.586631e+00
-1.337837e+00
-1.601958e+00
-1.019145e+00
-1.286636e+00
-1.631613e+00
-1.488738e+00
-1.867633e+00
-1.869082e+00
-1.566102e+00
-1.819088e+00
-1.937856e+00
-1.813149e+00
-1.500332e+00
-1.485983e+00
-1.965134e+00
-1.583018e+00
-1.445745e+00
-2.088702e+00
-1.678131e+00
-1.821845e+00
-1.513234e+00
-1.654514e+00
-1.981658e+00
-1.658475e+00
-1.925782e+00
-2.330274e+00
-2.058005e+00
-2.055120e+00
-1.557996e+00
-1.707034e+00
-2.168532e+00
-1.753942e+00
-1.428485e+00
-2.069358e+00
-1.814649e+00
-2.468245e+00
-1.617360e+00
-1.600875e+00
-1.976149e+00
-1.759577e+00
-1.541091e+00
-2.254814e+00
-1.867421e+00
-1.963699e+00
-1.490190e+00
-2.267865e+00
-1.375362e+00
-1.917216e+00
-2.024169e+00
-2.025433e+00
-2.431400e+00
-1.247933e+00
-1.780304e+00
-1.654018e+00
-1.505674e+00
-1.948906e+00
-1.639536e+00
-1.902361e+00
-2.107275e+00
-1.671757e+00
-1.740028e+00
-1.389401e+00
-1.543383e+00
-1.846270e+00
-1.402698e+00
-1.584314e+00
-1.893589e+00
-1.464278e+00
-1.848048e+00
-1.293597e+00
-1.945221e+00
-1.979171e+00
-1.811181e+00
-1.722355e+00
-1.747102e+00
-1.640207e+00
-1.960750e+00
-1.763847e+00
-1.783710e+00
-2.008223e+00
-1.831531e+00
-2.137795e+00
-2.311481e+00
-1.835112e+00
-1.834783e+00
-1.294188e+00
-2.431002e+00
-1.715133e+00
-1.407729e+00
-1.751265e+00
-1.586666e+00
-2.387561e+00
-1.812101e+00
-3.590767e-01
-1.328590e+00
-1.323289e+00
-1.155150e+00
-1.146445e+00
-6.340926e-02
-2.735422e-01
-1.851987e+00
-1.768209e-01
-1.376883e+00
-1.317090e+00
-9.066667e-01
-1.076064e+00
1.100780e-01
-4.028274e-01
-2.072472e+00
-4.228675e-01
-1.542321e+00
-1.382259e+00
-1.039305e+00
-1.317946e+00
-8.612910e-02
-8.371815e-01
-1.923189e+00
-2.639993e-01
-1.073542e+00
-1.090746e+00
-1.131243e+00
-1.228398e+00
-9.367034e-02
-8.700085e-01
-1.756301e+00
-5.625142e-01
-1.121893e+00
-1.076835e+00
-9.471302e-01
-1.408950e+00
-2.878754e-01
-9.357582e-01
-1.821400e+00
-8.270541e-01
-1.464002e+00
-1.334441e+00
-1.220227e+00
-1.205600e+00
-7.101445e-01
-2.026325e+00
-1.624796e+00
-4.501648e-01
-1.637144e+00
-1.250854e+00
-1.462958e+00
-1.098818e+00
-4.336239e-01
-1.653397e+00
-1.835998e+00
-1.006370e+00
-9.965670e-01
-9.907838e-01
-1.031333e+00
-1.141754e+00
-7.518379e-01
-2.151439e+00
-2.098069e+00
-9.653666e-01
-1.961510e+00
-1.714429e+00
-1.723397e+00
-1.415812e+00
-8.227513e-01
-2.078231e+00
-2.092704e+00
-8.428065e-01
-2.098822e+00
-1.659097e+00
-1.935364e+00
-1.428286e+00
-6.331358e-01
-1.827134e+00
-1.478915e+00
-6.915641e-01
-2.087107e+00
-1.169212e+00
-1.609955e+00
-6.538290e-01
6.493826e-01
-1.718932e+00
-1.595990e+00
-9.347994e-01
-1.988176e+00
-1.227668e+00
-1.369553e+00
-6.859981e-01
-1.982242e-01
-1.921615e+00
-1.327957e+00
-1.441556e+00
-2.238499e+00
-1.234283e+00
-1.462805e+00
-9.323585e-01
2.478209e-01
-1.817742e+00
-8.281737e-01
-2.547893e-01
-2.040493e+00
-3.280591e-01
-1.213420e+00
-3.903621e-01
7.193752e-01
-1.313559e+00
-1.073083e+00
-7.158686e-01
-2.155145e+00
-5.412312e-01
-1.271510e+00
-1.085881e-01
1.569336e+00
-1.550744e+00
-1.973169e+00
-7.258434e-01
-1.052138e+00
-1.588303e+00
-1.615245e+00
-1.798871e+00
1.494973e-01
-6.172139e-01
-2.587869e-01
1.163936e-01
-1.974461e+00
-6.088484e-01
-9.952263e-01
-1.810794e-01
8.140612e-01
-1.278928e+00
-2.929925e-01
5.962071e-02
-1.481931e+00
-4.776319e-01
-5.622616e-01
-4.126228e-01
7.469716e-01
-1.018149e+00
-2.406621e-01
-1.073767e-01
-1.609602e+00
-6.447656e-01
-1.008321e+00
-4.510593e-01
7.841251e-01
-1.475281e+00
-1.254096e+00
4.304706e-02
-1.418887e+00
-7.897903e-01
-1.122736e+00
-5.665614e-01
7.404193e-01
-7.756062e-01
-1.334074e+00
-8.844120e-01
-1.569244e+00
-1.168440e+00
-9.353974e-01
-1.462942e+00
-2.628125e-01
-1.898506e+00
-5.579454e-01
-5.150212e-01
-9.483399e-01
-5.026887e-01
-7.165037e-01
-6.869849e-01
8.418977e-01
-1.607567e+00
-4.358009e-01
-1.238783e+00
-1.138532e+00
-5.896080e-01
-6.691770e-01
-1.005288e+00
2.156577e-02
-2.077560e+00
-1.255600e+00
-1.020180e+00
-1.675697e+00
-1.273724e+00
-9.490352e-01
-1.412486e+00
-1.287360e-01
-1.874619e+00
-1.209188e+00
-1.266882e+00
-1.780984e+00
-1.385920e+00
-1.118386e+00
-1.427945e+00
-2.980015e-01
-1.893816e+00
-1.555287e+00
-1.606305e+00
-1.724245e+00
-1.675289e+00
-1.637904e+00
-1.705866e+00
-1.742179e+00
-2.163297e+00
-1.261753e+00
-1.437578e+00
-1.737532e+00
-1.385259e+00
-1.654968e+00
-1.600303e+00
-1.590498e+00
-2.069316e+00
-1.557996e+00
-1.707034e+00
-2.168532e+00
-1.753942e+00
-1.428485e+00
-2.069358e+00
-1.814649e+00
-2.468245e+00
-1.218451e+00
-1.487085e+00
-1.547359e+00
-1.252740e+00
-1.912529e+00
-1.753179e+00
-1.814042e+00
-2.225616e+00
-1.959541e+00
-1.354849e+00
-1.369791e+00
-1.810902e+00
-1.437368e+00
-1.725431e+00
-1.686455e+00
-1.012476e+00
-2.171311e+00
-8.752645e-01
-2.103473e+00
-1.567218e+00
-1.290716e+00
-1.193857e+00
-1.166916e+00
-1.597546e+00
-2.101073e+00
-1.114632e+00
-2.007675e+00
-1.604591e+00
-1.497463e+00
-1.551742e+00
-1.303772e+00
-1.756450e+00
-2.431853e+00
-1.593325e+00
-2.120617e+00
-2.014209e+00
-1.753629e+00
-1.822436e+00
-1.792642e+00
-2.114340e+00
-2.269953e+00
-1.652025e+00
-2.060447e+00
-1.929373e+00
-2.087510e+00
-1.786034e+00
-1.709732e+00
-1.907339e+00
-1.963823e+00
-1.245352e+00
-1.719739e+00
-1.700713e+00
-1.918573e+00
-1.485195e+00
-1.097485e+00
-7.752510e-01
-1.429215e+00
-1.756004e+00
-1.515079e+00
-1.735266e+00
-2.194833e+00
-1.652743e+00
-9.699315e-01
-1.200019e+00
-2.125378e+00
-1.364710e+00
-2.202936e+00
-1.680914e+00
-2.611733e+00
-1.001028e+00
-8.244546e-01
-1.535234e+00
-2.196472e+00
-1.035751e+00
-2.048643e+00
-1.765951e+00
-2.361414e+00
-9.727651e-01
-9.037348e-01
-1.254706e+00
-1.549025e+00
-1.576881e+00
-1.476365e+00
-1.532841e+00
-2.259950e+00
-1.450785e+00
-1.143921e+00
-1.242170e+00
-1.473086e+00
-5.535896e-01
-1.370733e+00
-1.333588e+00
-1.898429e+00
-8.804105e-01
-2.672179e-01
-1.797316e+00
-1.004041e+00
-4.386458e-01
-1.111415e+00
-6.229752e-01
-1.310685e+00
-6.031562e-01
-1.583966e-01
-1.765750e+00
-1.439903e+00
-3.931979e-01
-1.580448e+00
-1.388662e+00
-1.617457e+00
-4.868432e-01
-1.055454e-01
-1.260283e+00
-1.147503e+00
-2.947100e-01
-1.063572e+00
-1.116244e+00
-1.573336e+00
-7.753941e-01
-1.799486e-01
-1.448758e+00
-1.696406e+00
-6.976995e-01
-1.458756e+00
-1.433823e+00
-1.919344e+00
-8.404131e-01
-4.415057e-01
-1.578472e+00
-8.903646e-01
1.592419e-01
-1.237249e+00
-6.921124e-01
-1.229386e+00
-1.784777e+00
3.677931e-01
-1.622463e+00
-6.222643e-01
1.288386e-01
-6.239977e-01
-2.605428e-01
-1.057437e+00
-1.335970e+00
4.403421e-01
-1.700998e+00
-7.515392e-03
9.891137e-01
1.092977e-01
5.345970e-01
-3.357516e-01
-8.303068e-01
1.496960e+00
-1.452109e+00
-8.235665e-01
6.079741e-01
-9.013387e-01
-3.529862e-01
-1.009828e+00
-1.358375e+00
5.960896e-01
-1.314022e+00
-1.064612e+00
1.489455e-01
-1.347687e+00
-8.346092e-01
-1.295017e+00
-1.917215e+00
1.794463e-01
-1.869251e+00
-1.247545e+00
-9.277255e-01
-1.744094e+00
-9.680911e-01
-1.002569e+00
-1.184001e+00
-2.727162e-01
-1.867033e+00
-1.216679e+00
-9.078268e-01
-1.701136e+00
-1.078129e+00
-1.105483e+00
-1.365132e+00
-6.214715e-01
-1.730606e+00
-1.588791e+00
-7.384307e-01
-1.910654e+00
-1.361112e+00
-1.178184e+00
-1.463767e+00
-6.498616e-01
-1.950110e+00
-1.313548e+00
-4.984342e-01
-1.800162e+00
-9.752785e-01
-9.155435e-01
-1.217203e+00
-5.705702e-01
-1.838259e+00
-1.418880e+00
-8.547691e-01
-1.863512e+00
-1.055852e+00
-1.072861e+00
-1.171740e+00
-3.579167e-01
-1.809038e+00
-1.732398e+00
-8.199518e-01
-1.066972e+00
-1.500731e+00
-1.007347e+00
-8.534336e-01
-1.335281e+00
-7.774470e-01
-1.948191e+00
-1.304479e+00
-1.540774e+00
-1.929390e+00
-2.209677e+00
-1.552812e+00
-1.185440e+00
-1.495387e+00
-2.339727e+00
-5.810830e-01
-1.734289e+00
-1.523211e+00
-1.642966e+00
-1.341846e+00
-6.800860e-01
-1.019871e+00
-2.166288e+00
-6.161935e-01
-1.692755e+00
-1.751984e+00
-1.630207e+00
-1.473918e+00
-9.546766e-01
-1.265727e+00
-1.937067e+00
-6.234627e-01
-1.424239e+00
-1.660153e+00
-1.625182e+00
-1.029821e+00
-7.894333e-01
-7.616407e-01
-2.016588e+00
-6.402127e-01
-1.597839e+00
-1.615111e+00
-1.514538e+00
-1.576128e+00
-7.353466e-01
-1.292059e+00
-2.422340e+00
-1.077427e+00
-1.888910e+00
-1.984255e+00
-1.670403e+00
-1.719523e+00
-9.536674e-01
-1.279084e+00
-1.871148e+00
-8.945097e-01
-1.910327e+00
-1.706342e+00
-1.662273e+00
-1.931268e+00
-1.369726e+00
-2.280580e+00
-1.594092e+00
-6.756302e-01
-1.965015e+00
-1.631378e+00
-1.639993e+00
-1.558974e+00
-1.124330e+00
-1.771584e+00
-1.746058e+00
-1.057414e+00
-1.711021e+00
-1.550427e+00
-1.295023e+00
-1.660702e+00
-1.388500e+00
-2.066840e+00
-1.266125e+00
-4.517422e-01
-1.877481e+00
-1.225441e+00
-1.235682e+00
-1.454298e+00
-1.061899e+00
-1.862909e+00
-1.762812e+00
-4.924553e-01
-2.149368e+00
-1.658335e+00
-1.959624e+00
-1.874035e+00
-1.508768e+00
-1.764735e+00
-2.256479e+00
-1.003096e+00
-1.450844e+00
-1.921127e+00
-1.724240e+00
-1.466130e+00
-1.473902e+00
-2.095889e+00
-1.942704e+00
-1.110128e+00
-1.662550e+00
-1.877875e+00
-1.769825e+00
-1.590596e+00
-1.380664e+00
-2.118160e+00
-2.018874e+00
-1.219617e+00
-1.800291e+00
-1.762680e+00
-1.908817e+00
-1.595736e+00
-1.214915e+00
-2.623910e+00
-1.094600e+00
-1.707137e+00
-2.664079e-01
-1.593769e+00
-1.340325e+00
-1.742595e+00
-1.383553e+00
-1.435164e+00
-2.630221e+00
-1.098595e+00
-1.875120e+00
-2.045613e+00
-1.904304e+00
-1.638636e+00
-1.116384e+00
-2.090647e+00
-1.301769e+00
-9.290895e-01
-1.193348e+00
-1.529836e+00
-1.632567e+00
-2.121840e+00
-5.442153e-01
-1.461391e+00
-1.418475e+00
-7.042794e-01
-1.411583e+00
-1.568729e+00
-1.612364e+00
-1.905896e+00
-3.013580e-01
-1.821951e+00
-1.473600e+00
-8.003182e-01
-1.193639e+00
-1.519354e+00
-1.620815e+00
-1.972155e+00
-3.822941e-01
-1.698021e+00
-9.407456e-01
-4.614570e-01
-1.149958e+00
-1.300274e+00
-1.610415e+00
-1.845739e+00
-8.238370e-02
-1.913008e+00
-1.415634e+00
-1.142096e+00
-1.067571e+00
-1.875670e+00
-1.763848e+00
-2.087964e+00
-1.161134e+00
-1.609326e+00
-1.799946e+00
-5.833678e-01
-1.876596e+00
-1.787573e+00
-1.972075e+00
-1.355938e+00
7.404877e-02
-9.952449e-01
-1.411063e+00
-1.034718e+00
-1.765922e+00
-1.489267e+00
-1.560982e+00
-1.572201e+00
-6.357237e-01
-1.039780e+00
-1.233693e+00
-9.584707e-01
-1.499122e+00
-1.241237e+00
-1.660658e+00
-1.614598e+00
-5.135158e-01
-1.289681e+00
-1.773845e+00
-8.833506e-01
-1.940832e+00
-1.667713e+00
-1.888599e+00
-1.413410e+00
-2.208492e-01
-1.124703e+00
-1.672379e+00
-1.113823e+00
-1.965445e+00
-1.339332e+00
-1.334428e+00
-1.465710e+00
-4.903205e-01
-1.291706e+00
-1.564993e+00
-4.475984e-01
-1.520861e+00
-1.351275e+00
-8.040153e-01
-6.308320e-01
-1.025817e+00
-1.087296e+00
-1.847808e+00
-6.873514e-01
-1.357224e+00
-1.576980e+00
-8.932556e-01
-7.502178e-01
-1.406633e+00
-8.681501e-01
-1.890995e+00
-6.373446e-01
-1.919009e+00
-1.864802e+00
-1.038843e+00
-8.205842e-01
-1.266215e+00
-1.355311e+00
-1.418546e+00
-1.033360e+00
-1.367991e+00
-1.802435e+00
-1.261441e+00
-9.108842e-01
-1.331875e+00
-1.305200e+00
-1.959541e+00
-1.354849e+00
-1.369791e+00
-1.810902e+00
-1.437368e+00
-1.725431e+00
-1.686455e+00
-1.012476e+00
-1.982473e+00
-9.457304e-01
-1.411861e+00
-1.711497e+00
-1.210243e+00
-1.442338e+00
-1.625155e+00
-8.691916e-01
-2.034690e+00
-1.326278e+00
-1.376766e+00
-1.821976e+00
-1.409795e+00
-1.667590e+00
-1.720726e+00
-9.285131e-01
-1.975352e+00
-1.620451e+00
-1.113543e+00
-1.980077e+00
-1.508247e+00
-1.938289e+00
-1.739774e+00
-9.532656e-01
-1.992015e+00
-1.190462e+00
-1.577896e+00
-2.034492e+00
-1.569294e+00
-1.728789e+00
-1.796842e+00
-9.765123e-01
-1.431392e+00
-1.790619e+00
-1.511487e+00
-1.951056e+00
-2.256827e+00
-1.349377e+00
-1.127027e+00
-1.184674e+00
-1.963823e+00
-1.245352e+00
-1.719739e+00
-1.700713e+00
-1.918573e+00
-1.485195e+00
-1.097485e+00
-7.752510e-01
-1.453522e+00
-1.659522e+00
-1.858111e+00
-1.787723e+00
-2.167977e+00
-1.683001e+00
-1.620723e+00
-1.098811e+00
-1.578386e+00
-1.308662e+00
-1.809009e+00
-1.743363e+00
-1.802389e+00
-1.084823e+00
-1.280140e+00
-8.776054e-01
-2.349186e+00
-1.165013e+00
-2.075295e+00
-1.903368e+00
-1.961681e+00
-1.384340e+00
-1.119849e+00
-9.756005e-01
-2.013862e+00
-6.182279e-01
-1.855379e+00
-1.641866e+00
-1.894752e+00
-1.517204e+00
-6.172898e-01
-1.633444e+00
-1.868723e+00
-8.411688e-01
-1.641713e+00
-1.707819e+00
-1.911072e+00
-1.637948e+00
-1.075740e+00
-1.629225e+00
-2.086103e+00
-5.181958e-01
-1.820932e+00
-1.841910e+00
-1.907092e+00
-1.520825e+00
-7.672420e-01
-1.418299e+00
-2.041222e+00
-8.943002e-01
-1.681445e+00
-1.960049e+00
-1.997951e+00
-1.652015e+00
-1.108588e+00
-1.480310e+00
-1.362439e+00
-1.817583e-01
-1.298017e+00
-1.689479e+00
-1.624099e+00
-2.093737e+00
-1.113650e+00
-1.980990e+00
-8.638942e-01
-1.659292e-01
-5.021878e-01
-7.534179e-01
-1.215415e+00
-2.139610e+00
-2.464203e-01
-2.596483e+00
-1.454067e+00
1.342773e-01
-1.025953e+00
-1.282292e+00
-1.549700e+00
-2.023406e+00
-1.647394e-01
-2.204746e+00
-1.347650e+00
1.781698e-01
-9.875803e-01
-1.279650e+00
-1.502589e+00
-1.844040e+00
-4.854490e-01
-1.682940e+00
-1.453312e+00
-7.131717e-01
-1.016146e+00
-1.382754e+00
-1.720241e+00
-2.091839e+00
-8.207739e-01
-2.051286e+00
-2.245182e+00
-1.083348e+00
-2.122210e+00
-1.763018e+00
-1.275019e+00
-1.518263e+00
-1.091439e+00
-1.541803e+00
-2.081832e+00
-1.132340e+00
-2.102941e+00
-1.859453e+00
-1.419835e+00
-1.495639e+00
-1.195060e+00
-1.460533e+00
-2.130374e+00
-1.212382e+00
-2.014564e+00
-1.828939e+00
-1.420808e+00
-1.660424e+00
-1.307758e+00
-1.420970e+00
-1.853717e+00
-9.818044e-01
-1.804517e+00
-1.800185e+00
-1.573245e+00
-1.479927e+00
-1.123077e+00
-1.986183e+00
-2.097999e+00
-1.051292e+00
-2.106343e+00
-1.800022e+00
-1.374974e+00
-1.415715e+00
-1.368215e+00
-1.588030e+00
-1.492458e+00
-2.338850e+00
-1.276487e+00
-1.735738e+00
-2.001973e+00
-2.066371e+00
-2.375486e+00
-1.276085e+00
-2.274158e+00
-1.051819e+00
-1.754702e+00
-1.900905e+00
-1.716481e+00
-1.243125e+00
-7.035103e-01
-8.631282e-01
-1.949646e+00
-1.357195e+00
-1.107533e+00
-1.629333e+00
-1.476789e+00
-1.071339e+00
-9.727324e-01
-7.554893e-01
-1.749346e+00
-1.763143e+00
-1.328632e+00
-1.730162e+00
-1.510133e+00
-1.336523e+00
-1.362181e+00
-9.580681e-01
-1.458388e+00
-9.993683e-01
-7.522617e-01
-1.279723e+00
-1.139087e+00
-7.139787e-01
-5.637860e-01
-5.189175e-01
-1.651617e+00
-1.605559e+00
-1.258531e+00
-1.813341e+00
-1.690051e+00
-1.408939e+00
-1.769140e+00
-1.268488e+00
-1.259728e+00
-9.779836e-01
-7.420252e-01
-1.409435e+00
-1.393826e+00
-1.354065e+00
-1.941163e+00
-1.020252e+00
-8.614413e-01
-7.442661e-01
-4.770141e-01
-1.234189e+00
-1.109231e+00
-8.005324e-01
-1.420972e+00
-9.486227e-01
-8.798385e-01
-7.686103e-01
-2.725627e-01
-1.151268e+00
-1.147787e+00
-7.659840e-01
-1.323020e+00
-9.547486e-01
-1.409466e+00
-1.092620e+00
-9.927630e-01
-1.907811e+00
-1.809995e+00
-1.551131e+00
-2.130154e+00
-1.081632e+00
-1.346998e+00
-1.102031e+00
-9.141540e-01
-1.816537e+00
-1.547691e+00
-1.236952e+00
-1.676566e+00
-6.425868e-01
-8.206303e-01
-1.385392e+00
-7.736116e-03
-1.359457e+00
-1.189432e+00
-1.422718e+00
-1.123301e+00
-1.185449e+00
-1.094600e+00
-1.707137e+00
-2.664079e-01
-1.593769e+00
-1.340325e+00
-1.742595e+00
-1.383553e+00
-1.435164e+00
-8.163960e-01
-1.240417e+00
-6.796297e-02
-1.285803e+00
-1.098769e+00
-1.210423e+00
-1.016570e+00
-1.217130e+00
-9.986570e-01
-1.575522e+00
-3.409692e-01
-1.358280e+00
-1.316659e+00
-1.159688e+00
-1.057558e+00
-1.107936e+00
-7.859961e-01
-1.727749e+00
-1.677847e-01
-1.416022e+00
-1.104731e+00
-1.575920e+00
-1.618261e+00
-1.125544e+00
-1.675475e+00
-2.143775e+00
-1.358455e+00
-1.853906e+00
-2.097922e+00
-1.906791e+00
-2.209654e+00
-1.366357e+00
-1.607635e+00
-2.347616e+00
-1.373441e+00
-1.844226e+00
-1.929069e+00
-1.890298e+00
-2.283947e+00
-1.296659e+00
-4.546107e-01
-1.443925e+00
-1.071779e+00
-1.272475e+00
-1.332773e+00
-1.323018e+00
-1.682327e+00
-7.303553e-01
-6.448488e-01
-1.330162e+00
-1.280960e+00
-1.406055e+00
-1.615998e+00
-2.036193e+00
-2.202494e+00
-8.731995e-01
-9.786811e-01
-1.450237e+00
-1.564367e+00
-1.814289e+00
-1.808254e+00
-1.997374e+00
-2.073813e+00
-8.954758e-01
-1.079416e+00
-1.503095e+00
-1.501741e+00
-1.549213e+00
-1.905801e+00
-2.013496e+00
-2.085942e+00
-9.364135e-01
-9.319287e-01
-1.207323e+00
-1.343256e+00
-1.258161e+00
-1.677218e+00
-1.698615e+00
-1.891128e+00
-5.810334e-01
-1.039136e+00
-1.999596e+00
-9.377766e-01
-1.438347e+00
-1.418463e+00
-1.252766e+00
-1.825574e+00
-1.051866e+00
-6.166281e-01
-1.959811e+00
-4.732161e-01
-1.101533e+00
-1.259937e+00
-9.507790e-01
-1.840117e+00
-9.521775e-01
5.544981e-02
-1.698793e+00
1.637103e-01
-5.760749e-01
-7.789007e-01
-4.332501e-01
-1.566309e+00
-8.803015e-01
-1.056197e+00
-1.779444e+00
-8.310289e-01
-1.465782e+00
-1.464609e+00
-1.287389e+00
-2.004538e+00
-1.238757e+00
-1.428196e+00
-1.841304e+00
-1.237935e+00
-1.639131e+00
-1.640738e+00
-1.292615e+00
-1.932384e+00
-1.225764e+00
-1.261171e+00
-3.145036e-01
-7.314068e-01
-1.252619e+00
-1.391079e+00
-1.667917e+00
-6.568855e-01
-2.120225e+00
-7.234232e-01
-5.600548e-01
-4.432577e-01
-1.250956e+00
-7.430310e-01
-1.667017e-01
-6.240538e-01
-4.032658e-01
-1.716262e+00
-4.137946e-01
-1.216310e+00
-1.823436e+00
-1.912607e+00
-1.715822e+00
-9.652062e-01
-1.668811e+00
-1.565969e+00
-1.119884e+00
-1.290145e+00
-2.128940e+00
-1.709691e+00
-1.421308e+00
-1.233466e+00
-1.080597e+00
-1.453312e+00
-7.131717e-01
-1.016146e+00
-1.382754e+00
-1.720241e+00
-2.091839e+00
-8.207739e-01
-2.051286e+00
-1.562947e+00
-1.420487e+00
-1.274049e+00
-2.022906e+00
-1.551834e+00
-1.782784e+00
-1.682990e+00
-1.064799e+00
-1.707166e+00
-1.326291e+00
-7.978613e-01
-2.022700e+00
-1.582662e+00
-1.450495e+00
-1.369857e+00
-1.100727e+00
-1.711491e+00
-1.370207e+00
-1.155322e+00
-2.275221e+00
-1.839003e+00
-1.566310e+00
-1.449016e+00
-1.034947e+00
-1.586961e+00
-1.412561e+00
-9.694646e-01
-1.920105e+00
-1.600051e+00
-1.478941e+00
-1.172165e+00
-9.883442e-01
-1.521946e+00
-1.503725e+00
-9.568869e-01
-1.977635e+00
-1.629390e+00
-1.577593e+00
-1.463778e+00
-1.129270e+00
-1.741732e+00
-1.069535e+00
-1.442787e+00
-1.797308e+00
-1.896294e+00
-1.529146e+00
-6.940101e-01
-8.075550e-01
-1.519505e+00
-8.386796e-01
-1.449833e-01
-1.649978e+00
-1.402591e+00
-1.250560e+00
-9.014120e-01
8.722364e-01
-1.441692e+00
-9.199554e-01
-1.327014e+00
-1.799375e+00
-1.918230e+00
-1.338864e+00
-5.194633e-01
-8.989474e-01
-1.217412e+00
-1.244519e+00
2.808031e-01
-1.426927e+00
-1.306372e+00
-1.629081e+00
-1.164796e+00
4.150645e-01
-1.608121e+00
-1.117769e+00
-1.014963e+00
-2.047536e+00
-2.143717e+00
-1.584220e+00
-1.015310e+00
-7.180371e-01
-7.104881e-01
-1.479569e+00
-4.452412e-01
-7.504739e-01
-4.830711e-01
-1.207350e+00
-1.442917e+00
-8.065493e-01
-7.716664e-01
-1.431552e+00
-8.072261e-01
-8.020119e-01
-7.407289e-01
-1.468996e+00
-1.251775e+00
-1.115534e+00
-6.481178e-01
-1.155076e+00
-2.221529e-01
-1.269752e+00
-1.349653e+00
-9.116692e-01
-9.394954e-01
-6.959074e-01
-1.094413e+00
-1.954764e+00
-1.209084e+00
-1.256841e+00
-1.030373e+00
-1.690961e+00
-1.616841e+00
-1.375789e+00
-1.163877e+00
-1.674905e+00
-1.201012e+00
-1.185059e+00
-9.252894e-01
-1.609998e+00
-1.818643e+00
-1.226574e+00
-1.480656e+00
-2.081918e+00
-1.368303e+00
-1.537905e+00
-2.084754e+00
-1.787233e+00
-2.144489e+00
-1.837816e+00
-1.305600e+00
-2.250251e+00
-1.673367e+00
-1.718565e+00
-2.023627e+00
-2.147389e+00
-2.508618e+00
-2.088694e+00
-8.322360e-01
-2.209602e+00
-9.919435e-01
-1.417414e+00
-2.061436e+00
-2.066960e+00
-2.209502e+00
-1.740014e+00
-1.493768e+00
-2.094616e+00
-1.567372e+00
-1.548517e+00
-2.064260e+00
-2.018066e+00
-2.270562e+00
-1.834071e+00
-1.591968e+00
-2.199225e+00
-1.656896e+00
-1.701140e+00
-2.043468e+00
-1.899834e+00
-2.249322e+00
-1.681762e+00
-1.490190e+00
-2.267865e+00
-1.375362e+00
-1.917216e+00
-2.024169e+00
-2.025433e+00
-2.431400e+00
-1.247933e+00
-2.091941e+00
-2.142455e+00
-1.539283e+00
-2.106337e+00
-1.889276e+00
-1.800880e+00
-2.231068e+00
-1.574761e+00
-1.587164e+00
-1.818363e+00
-1.288537e+00
-1.479883e+00
-2.088936e+00
-1.741293e+00
-1.651864e+00
-1.621561e+00
-1.687458e+00
-6.709075e-01
-1.377065e+00
-2.125217e+00
-1.895189e+00
-1.251094e+00
-9.501393e-01
-1.169737e+00
-1.612746e+00
-7.973479e-01
-1.081458e+00
-1.637275e+00
-1.720430e+00
-1.212430e+00
-9.192992e-01
-8.410088e-01
-1.937067e+00
-6.234627e-01
-1.424239e+00
-1.660153e+00
-1.625182e+00
-1.029821e+00
-7.894333e-01
-7.616407e-01
-1.471597e+00
-5.484789e-01
-7.408229e-01
-1.359393e+00
-1.777501e+00
-1.288031e+00
-9.817656e-01
-1.127168e+00
-1.578645e+00
-6.408512e-01
-9.269991e-01
-1.504037e+00
-1.639950e+00
-1.549972e+00
-6.582176e-01
-1.286239e+00
-1.546758e+00
-7.136584e-01
-8.679138e-01
-1.333497e+00
-1.813930e+00
-1.566645e+00
-1.089837e+00
-1.263427e+00
-1.701114e+00
-9.773671e-01
-7.942724e-01
-1.847956e+00
-2.301697e+00
-2.103812e+00
-1.469180e+00
-1.777309e+00
-9.714503e-01
-1.038114e+00
-9.404151e-02
-1.063763e+00
-1.063891e+00
-1.783932e+00
-1.519931e+00
-1.864096e+00
-1.134765e+00
-9.257756e-01
-5.454655e-01
-1.401953e+00
-1.302452e+00
-1.461820e+00
-1.111053e+00
-1.683439e+00
-7.883538e-01
-8.705366e-01
1.793368e-01
-1.232650e+00
-1.148131e+00
-1.308967e+00
-9.610427e-01
-1.719759e+00
-1.497104e+00
-1.248767e+00
-9.292822e-01
-1.937098e+00
-2.077766e+00
-1.991892e+00
-1.311516e+00
-1.290179e+00
-1.128495e+00
-8.282065e-01
-3.735384e-01
-1.317237e+00
-1.114688e+00
-1.424671e+00
-1.606665e+00
-1.471676e+00
-4.551509e-01
-4.406181e-01
3.217434e-01
-8.577131e-01
-3.305146e-01
-9.314080e-01
-1.398555e+00
-9.210068e-01
-3.064174e-01
-2.627256e-02
5.742125e-01
-8.819211e-01
-1.754100e-01
-9.451790e-01
-1.577211e+00
-5.001866e-01
-1.195156e+00
-1.056928e+00
-2.282227e-01
-1.591649e+00
-1.026220e+00
-1.754246e+00
-1.856070e+00
-1.050890e+00
-1.064588e+00
-6.803576e-01
-3.763679e-02
-1.549285e+00
-7.784489e-01
-1.602958e+00
-1.853798e+00
-9.056993e-01
-1.002922e+00
-1.102539e+00
3.308175e-02
-1.391728e+00
-1.610232e+00
-2.376144e+00
-6.363246e-01
-9.474216e-01
-7.274618e-01
-1.593831e+00
3.278797e-01
-1.277317e+00
-1.408995e+00
-2.428190e+00
-5.441459e-01
-7.394205e-01
-9.208667e-01
-1.027616e+00
-3.807738e-02
-1.287078e+00
-1.623299e+00
-2.347730e+00
-5.373957e-01
-1.204449e+00
-3.603989e-01
-8.832351e-01
-7.891246e-01
-9.582841e-01
-8.753912e-01
-1.433349e+00
-3.499969e-01
-1.460353e+00
-2.556584e-01
-1.334901e+00
8.679914e-01
-8.274701e-01
-8.231285e-01
-1.823753e+00
-6.145937e-01
-1.848950e-01
-1.311081e+00
-1.051410e+00
-1.444262e+00
-1.439295e+00
-1.890008e+00
-1.613667e+00
-1.561389e-01
-2.072335e+00
-1.358279e+00
-1.181635e+00
-1.325601e+00
-1.586270e+00
-1.792210e+00
-1.420608e+00
-3.807184e-01
-1.778083e+00
-1.855559e+00
-9.997645e-01
-1.870077e+00
-1.816414e+00
-2.075172e+00
-1.433675e+00
-1.970374e-01
-1.809163e+00
-1.357974e+00
-1.431734e+00
-1.480316e+00
-1.717766e+00
-1.978648e+00
-1.770559e+00
-6.222871e-01
-2.087008e+00
-1.866841e+00
-8.025741e-01
-1.594994e+00
-1.734589e+00
-2.055593e+00
-1.480430e+00
-4.491620e-01
-1.568242e+00
-1.992312e+00
-1.865995e+00
-1.766413e+00
-1.740606e+00
-2.165397e+00
-1.912012e+00
-1.976828e+00
-1.918518e+00
-1.996656e+00
-2.090799e+00
-1.666496e+00
-1.583127e+00
-2.222272e+00
-2.427879e+00
-2.077600e+00
-2.266070e+00
-1.771935e+00
-1.798955e+00
-1.596043e+00
-1.620697e+00
-2.065076e+00
-1.911632e+00
-1.921458e+00
-1.889506e+00
-1.762853e+00
-2.248434e+00
-1.210208e+00
-1.687026e+00
-2.380203e+00
-2.225218e+00
-2.239133e+00
-1.994073e+00
-1.754062e+00
-2.273226e+00
-1.478715e+00
-1.930421e+00
-2.356624e+00
-2.460408e+00
-2.123022e+00
-2.061918e+00
-2.103206e+00
-1.841151e+00
-2.024024e+00
-1.850529e+00
-2.105302e+00
-2.499744e+00
-1.777846e+00
-2.231969e+00
-2.158654e+00
-2.177144e+00
-1.908380e+00
-2.266934e+00
-2.450810e+00
-2.423660e+00
-2.171522e+00
-2.005616e+00
-1.878693e+00
-2.154894e+00
-1.632692e+00
-1.968686e+00
-2.358215e+00
-2.448510e+00
-2.220792e+00
-2.170709e+00
-1.929485e+00
-2.207834e+00
-1.694326e+00
-2.120118e+00
-2.559814e+00
-2.561870e+00
-2.244110e+00
-1.914574e+00
-7.594192e-01
-9.073819e-01
-1.174386e+00
-1.669997e+00
-1.538801e+00
-2.234933e+00
-1.873025e+00
-1.094667e+00
-1.399124e+00
-1.118806e+00
-1.568063e+00
-1.847659e+00
-2.154272e+00
-2.012040e+00
-1.302681e+00
-1.710514e+00
-1.350060e+00
-1.063599e+00
-1.388773e+00
-1.796516e+00
-2.109541e+00
-2.038449e+00
-1.271157e+00
-1.774200e+00
-1.522878e+00
-7.689164e-01
-1.578797e+00
-1.724670e+00
-2.251408e+00
-2.167717e+00
-1.529337e+00
-1.716453e+00
-1.536733e+00
-1.448189e+00
-1.775208e+00
-1.869467e+00
-2.297608e+00
-1.674282e+00
-1.120490e+00
-1.524579e+00
-2.082549e+00
-9.340579e-01
-1.865560e+00
-1.992732e+00
-2.067122e+00
-1.699153e+00
-1.009173e+00
-1.454317e+00
-1.972156e+00
-8.959263e-01
-1.731964e+00
-2.268780e+00
-2.197876e+00
-1.442627e+00
-9.513145e-01
-1.209067e+00
-1.907699e+00
-1.243037e-02
-1.624291e+00
-1.695930e+00
-1.688041e+00
-6.604701e-01
3.572008e-02
-1.196613e+00
-1.948191e+00
-1.304479e+00
-1.540774e+00
-1.929390e+00
-2.209677e+00
-1.552812e+00
-1.185440e+00
-1.495387e+00
-1.261171e+00
-3.145036e-01
-7.314068e-01
-1.252619e+00
-1.391079e+00
-1.667917e+00
-6.568855e-01
-2.120225e+00
-1.317663e+00
1.924250e-01
-6.775218e-01
-8.084073e-01
-1.691711e+00
-1.520038e+00
1.497812e-02
-1.424487e+00
-1.406404e+00
3.919259e-02
-5.596444e-01
-1.003760e+00
-1.582105e+00
-1.691973e+00
-5.433410e-01
-1.867212e+00
-1.453312e+00
-7.131717e-01
-1.016146e+00
-1.382754e+00
-1.720241e+00
-2.091839e+00
-8.207739e-01
-2.051286e+00
-1.507245e+00
-6.656963e-01
-1.040836e+00
-1.156034e+00
-1.543743e+00
-2.208998e+00
-7.817653e-01
-2.514973e+00
-1.513459e+00
-1.895488e+00
-1.807103e+00
-1.822795e+00
-1.647644e+00
-2.233797e+00
-1.386629e+00
-1.823097e+00
-1.495073e+00
-1.617793e+00
-1.774926e+00
-1.672830e+00
-1.480443e+00
-2.141298e+00
-1.248773e+00
-1.981184e+00
-1.320971e+00
-1.847269e+00
-1.639004e+00
-2.034631e+00
-1.759908e+00
-2.380225e+00
-1.585776e+00
-1.439689e+00
-1.027215e+00
-1.409061e+00
-1.022625e+00
-1.322013e+00
-1.395172e+00
-1.685735e+00
-1.185882e+00
-1.224260e+00
-1.245780e+00
-1.243089e+00
-1.518166e+00
-1.437211e+00
-1.529562e+00
-1.768131e+00
-7.942646e-01
-1.257156e+00
