34 34 34 41 7 7 7 49 24 7 7 7 7 7 7 41 41 1 1 1 1 5 14 7 7 7 7 7 49 49 41 41 39 39 47 47 47 47 47 47 47 47 47 47 47 22 22 22 22 22 22 22 3 3 28 28 28 28 12 12 12 12 12 12 12 18 12 44 18 49 18 41 18 18 18 18 18 18 18 44 12 12 4 4 
34 34 34 49 7 41 41 41 41 41 41 41 41 41 41 41 24 1 1 14 24 5 5 20 20 7 7 34 40 21 15 15 15 29 8 8 8 8 8 8 8 8 8 3 3 3 3 32 32 32 44 44 44 44 44 44 49 18 44 44 44 18 49 18 18 44 44 44 44 44 44 12 12 12 12 12 34 34 34 7 7 41 7 41 
41 7 41 7 7 41 7 7 41 1 1 1 34 38 38 46 41 7 34 34 35 15 46 46 5 5 5 39 31 31 31 31 9 9 9 9 8 8 8 8 8 33 33 33 19 19 19 19 19 18 49 49 7 41 41 7 7 41 41 7 41 41 41 41 41 41 41 41 18 18 49 18 4 4 4 34 34 34 7 49 49 49 49 49 
49 49 49 14 24 49 49 49 24 34 49 50 46 49 41 41 16 16 24 50 50 49 24 44 1 1 35 46 46 46 39 6 6 6 47 47 47 47 37 37 37 37 37 37 37 9 43 43 43 43 43 43 17 17 17 44 18 49 41 41 7 41 7 7 7 7 41 7 7 7 7 7 7 7 7 7 7 24 41 7 7 34 34 34 
49 49 49 49 49 49 49 49 49 49 49 49 7 7 16 49 7 7 35 46 41 41 50 50 49 14 5 5 50 39 25 25 25 25 25 25 25 25 25 25 25 25 25 25 26 26 26 26 26 23 23 23 23 23 35 46 46 46 46 46 46 46 46 46 4 12 12 12 12 18 18 18 41 41 41 7 41 41 7 41 7 7 7 7 
7 41 41 41 41 41 49 7 4 4 34 34 34 24 24 24 7 24 49 49 49 49 49 14 14 24 24 49 49 49 7 50 50 34 49 10 10 16 16 49 38 38 40 35 10 45 45 2 2 2 2 2 2 2 15 21 29 42 42 11 11 11 11 11 19 28 18 18 41 41 17 17 35 36 36 36 45 2 2 2 2 2 2 2 
2 15 2 15 15 13 13 13 7 44 44 18 18 18 41 18 41 41 41 41 7 7 7 7 7 41 41 41 41 41 18 41 18 18 4 4 4 34 34 14 14 14 14 24 14 14 14 14 14 14 14 49 49 49 49 49 41 49 40 40 34 7 35 10 41 34 35 36 45 45 45 2 2 2 2 21 29 42 42 42 42 42 42 42 
42 23 3 3 39 39 3 3 3 3 3 28 28 28 28 27 27 27 44 44 12 44 12 12 12 12 12 12 12 12 12 12 12 12 12 12 12 12 12 12 12 12 12 32 12 34 34 14 14 24 24 24 24 24 24 24 14 14 14 14 24 24 34 34 34 36 36 16 16 7 35 10 7 7 41 7 7 40 11 11 11 11 11 11 
11 33 33 33 33 33 33 33 19 19 18 49 41 41 40 40 10 36 15 21 13 38 7 7 41 49 49 41 41 7 41 49 7 7 41 7 41 41 7 7 41 41 41 41 41 41 41 41 41 41 4 34 34 34 7 7 41 41 41 41 16 16 16 16 20 41 7 49 41 18 12 39 28 28 3 48 48 48 48 48 48 48 48 26 
26 26 26 26 26 26 26 42 23 23 23 28 28 12 12 44 44 44 44 12 12 12 12 12 18 18 18 18 18 18 18 18 41 41 18 41 41 18 41 4 4 4 34 34 24 24 24 24 24 24 24 24 14 24 24 24 24 24 14 49 34 34 46 46 50 16 7 21 21 16 16 46 46 39 39 39 3 3 30 30 30 30 30 30 
30 30 30 30 30 30 30 30 37 32 32 32 32 32 12 18 18 18 18 41 41 41 7 7 41 41 41 7 7 41 44 49 41 18 18 4 4 4 34 34 34 24 24 7 24 24 24 24 24 24 24 24 24 24 14 24 24 14 49 46 38 38 7 7 1 1 7 41 49 41 41 28 28 28 29 21 21 21 21 21 29 29 29 8 
