25 25 25 1 17 17 17 17 17 17 17 17 17 1 15 15 15 1 1 1 15 15 15 15 23 23 23 23 23 23 2 2 2 2 8 8 8 8 8 8 8 8 8 23 1 23 23 15 15 15 15 15 15 15 15 15 15 1 1 22 22 22 22 22 22 22 17 17 17 17 25 25 17 25 17 17 17 17 17 17 14 14 22 
25 25 25 17 17 25 25 25 17 25 25 25 25 25 25 17 17 17 17 1 15 15 15 15 15 15 19 23 23 5 5 5 5 5 5 5 5 5 5 5 5 5 5 5 5 5 5 5 5 5 5 5 5 5 5 5 5 5 5 5 23 23 19 23 23 12 12 12 12 12 24 24 15 15 15 15 15 15 15 15 15 15 15 15 15 1 1 1 1 1 25 25 17 25 25 25 17 17 17 17 17 17 17 17 17 17 17 17 1 17 17 17 17 14 14 14 
25 17 17 25 17 17 17 17 17 17 17 17 1 1 1 15 1 1 1 1 1 25 7 19 6 3 3 3 3 3 3 3 3 3 3 3 3 3 3 3 3 3 3 3 3 3 3 3 3 3 3 3 3 3 23 23 23 3 3 15 15 15 15 15 15 15 15 15 15 15 15 1 1 1 6 6 1 17 17 17 17 17 17 17 17 17 17 14 14 14 
6 17 17 17 17 25 25 25 25 17 25 25 25 17 17 17 17 17 14 1 15 15 15 15 15 15 23 5 5 5 5 5 2 2 2 2 2 2 5 21 21 21 21 21 21 21 21 21 21 23 23 24 24 24 24 24 15 15 15 15 15 15 15 15 15 15 15 15 1 1 1 1 1 19 19 1 1 17 25 17 17 17 17 17 17 17 22 17 22 22 22 17 22 22 22 22 22 17 17 17 17 14 14 14 
22 22 22 22 17 17 17 17 17 17 25 25 25 25 25 25 7 25 6 6 25 25 25 22 22 1 15 15 15 15 15 15 15 15 5 5 3 3 3 3 16 16 16 16 3 3 8 8 8 8 8 11 15 15 15 15 15 15 1 19 19 1 1 1 1 22 22 22 22 22 22 22 22 22 22 1 1 1 1 1 1 1 1 1 1 17 1 1 1 14 
17 17 17 17 17 17 17 17 17 17 17 17 17 17 17 17 17 17 17 1 15 15 15 15 15 11 15 15 21 21 21 21 21 21 21 21 21 21 21 21 21 21 21 21 21 21 21 21 21 21 21 21 21 21 21 21 21 24 24 24 24 24 24 24 24 24 24 24 24 11 15 15 15 15 15 15 15 15 15 1 1 15 22 22 22 22 22 22 22 22 22 22 22 17 17 17 17 17 14 14 14 
17 17 17 17 17 17 17 17 17 17 17 17 17 17 17 25 25 25 25 25 22 22 22 22 22 22 22 22 25 25 25 17 1 17 17 17 1 15 15 15 15 15 11 24 21 23 23 21 21 21 21 21 21 21 21 21 21 21 21 21 21 21 21 21 21 21 21 21 21 11 15 15 15 15 15 1 1 1 1 17 1 1 1 17 1 1 1 1 1 1 17 17 17 1 17 17 17 17 14 14 14 
17 17 17 17 25 25 25 25 25 25 17 25 25 17 25 25 17 17 1 15 15 11 11 11 11 11 11 11 11 11 8 10 10 10 10 10 10 10 10 10 10 10 10 10 10 10 16 11 11 11 11 11 11 11 11 11 11 11 15 15 15 15 1 1 1 17 17 17 25 17 17 6 6 6 25 25 17 17 17 6 17 17 25 17 17 25 25 25 14 14 
17 17 17 17 17 17 17 17 17 17 17 17 17 17 17 25 17 25 17 17 17 7 7 25 25 14 17 17 17 1 15 15 15 15 15 15 24 5 5 5 5 5 5 5 5 5 5 5 5 5 5 5 5 5 5 5 5 5 19 19 19 23 23 23 12 12 1 15 15 1 15 15 15 15 15 15 15 1 15 15 15 15 15 15 15 15 15 1 1 1 1 1 1 1 1 1 1 1 1 1 1 1 
22 17 17 22 17 17 17 17 17 17 25 17 17 17 17 17 17 25 25 25 25 7 7 7 14 25 25 25 25 17 14 1 15 11 11 15 10 10 10 10 10 10 10 10 10 10 10 10 10 10 10 10 10 10 10 10 10 10 10 10 10 11 11 11 11 11 11 11 11 15 15 15 15 15 15 15 1 1 1 17 17 17 17 17 1 17 17 17 17 17 17 17 25 17 25 17 17 25 14 14 14 
25 25 25 25 6 6 6 6 6 6 6 25 6 6 6 6 6 25 25 25 25 7 7 17 17 7 7 13 7 7 5 7 25 25 17 17 25 17 14 1 20 20 15 20 20 20 15 3 8 8 8 8 8 8 8 8 8 8 8 10 8 8 8 8 8 8 8 8 8 11 11 23 11 11 11 11 15 15 20 15 15 15 15 15 15 15 15 1 1 1 1 17 17 17 17 17 17 17 17 17 25 25 17 17 17 17 6 22 17 14 14 14 
25 25 25 25 25 25 25 25 25 25 25 25 17 25 25 25 25 25 6 14 6 1 15 20 20 15 15 15 3 3 8 8 8 8 8 8 21 21 10 8 8 8 8 21 21 21 24 24 24 24 24 24 15 15 15 15 15 15 15 15 15 6 6 6 17 17 17 17 17 17 17 17 17 1 1 17 17 17 17 17 14 14 14 
17 17 17 25 17 17 17 17 25 17 17 17 17 17 17 17 1 1 17 1 15 15 15 11 15 11 11 11 21 21 21 21 21 21 21 3 3 5 5 5 5 5 5 5 3 5 3 21 21 21 21 21 21 21 21 21 21 21 21 21 21 11 11 11 15 15 15 15 1 1 1 1 1 17 25 25 17 22 22 22 22 22 17 1 1 1 17 17 17 17 17 17 17 17 14 14 14 
25 25 25 25 25 25 25 17 17 17 17 25 25 6 17 6 1 1 15 15 11 11 15 15 23 23 2 2 2 2 2 2 2 2 2 2 2 2 2 2 2 2 2 2 2 23 23 23 23 23 23 23 23 23 24 11 15 15 15 15 15 15 15 15 15 15 15 15 1 6 1 22 17 17 25 25 25 25 25 25 25 25 25 25 25 25 25 25 25 25 25 25 25 14 14 14 
17 17 17 17 17 17 17 17 17 6 6 6 6 25 17 17 17 17 1 1 15 15 15 21 21 5 21 21 21 21 21 21 21 21 21 21 21 21 21 21 21 24 24 24 15 15 15 15 15 22 22 1 1 1 1 1 1 1 1 1 1 1 1 1 1 1 1 1 1 1 1 17 1 1 1 
