17 17 17 17 17 17 17 17 17 25 17 17 17 17 17 17 17 17 17 25 17 7 25 17 19 19 19 19 18 18 18 18 18 19 19 19 23 23 23 8 8 8 8 8 8 8 8 8 8 8 8 8 3 10 1 1 10 10 10 10 10 10 10 10 22 1 1 1 1 1 1 22 22 22 22 22 22 22 22 22 22 22 22 22 1 1 1 1 1 1 14 22 
25 25 25 25 25 25 25 25 25 25 25 25 17 17 17 17 17 25 25 19 19 19 18 18 18 18 18 18 18 18 18 18 19 19 23 23 23 23 23 3 3 3 3 3 3 3 3 3 3 3 3 3 3 3 3 3 3 3 3 3 3 3 3 3 3 3 3 3 3 9 16 9 9 9 9 9 5 5 1 22 22 22 22 22 22 22 22 22 22 22 22 22 22 17 17 17 17 17 17 14 14 14 
17 17 17 17 17 17 17 17 17 17 6 6 6 17 17 22 17 22 22 17 17 6 6 6 6 6 6 6 6 6 6 6 6 6 7 13 7 6 6 7 7 7 7 25 14 14 6 6 6 25 25 17 1 1 19 19 18 18 18 18 18 19 19 19 19 24 24 24 24 11 11 11 11 11 11 16 16 16 11 8 11 11 11 11 11 11 3 3 3 11 11 11 10 3 15 15 15 15 15 15 15 15 1 1 1 1 1 1 1 19 19 1 6 7 25 1 17 17 1 1 1 17 1 17 17 17 1 1 17 1 17 17 17 17 17 1 17 1 1 17 17 14 14 14 
6 17 17 17 17 17 25 25 25 25 25 25 17 17 17 17 17 17 17 25 25 13 13 4 4 4 4 4 4 4 4 4 18 18 19 12 12 12 12 23 23 23 3 3 3 3 3 3 3 3 3 3 3 3 3 3 3 3 3 3 3 3 16 16 3 16 15 15 15 15 1 1 1 1 1 1 1 1 1 1 1 1 1 1 1 1 1 1 1 1 1 15 1 1 15 1 1 1 
6 6 6 6 22 6 22 22 22 17 17 17 25 25 17 17 22 22 22 22 17 19 15 15 19 19 19 19 19 18 18 18 18 18 4 4 4 18 18 19 19 23 24 23 24 3 3 3 16 16 16 16 16 16 16 3 3 3 3 3 3 3 9 9 9 15 15 15 15 15 15 1 1 1 19 19 19 19 19 1 19 1 1 1 25 25 25 1 25 17 1 1 1 1 1 17 1 17 17 17 17 17 17 1 14 14 
17 17 17 17 17 17 17 17 17 17 17 17 17 17 17 17 25 25 25 25 1 1 19 18 18 18 18 18 18 18 18 18 18 18 18 18 18 19 23 24 23 23 23 8 8 8 8 16 16 16 16 16 16 16 16 16 16 16 16 16 16 16 10 10 10 10 10 10 10 10 10 20 20 20 20 20 20 16 16 10 22 22 10 22 22 22 22 22 22 22 22 22 22 22 17 22 17 22 22 1 1 1 1 1 
17 17 17 17 17 22 6 6 17 25 17 25 17 17 25 25 17 17 22 17 17 21 21 1 19 18 18 18 18 18 18 18 18 19 19 23 24 21 11 11 11 3 3 16 16 16 16 16 16 16 3 3 3 3 3 3 15 16 10 22 22 22 22 22 22 22 22 22 17 17 1 17 17 17 17 17 1 17 17 17 17 17 17 14 14 
17 1 15 15 1 17 17 17 25 25 25 25 25 25 25 25 25 17 1 1 1 1 24 1 12 19 19 19 18 18 18 18 18 18 19 23 23 23 23 23 23 23 24 24 11 11 11 8 8 16 16 16 16 16 16 16 16 16 16 16 16 16 20 20 20 20 20 20 20 20 10 10 10 10 10 10 22 22 22 22 22 22 22 22 22 22 22 22 22 22 22 22 22 22 22 22 14 22 
25 17 17 17 17 17 25 17 25 17 25 25 17 17 22 17 17 17 17 17 1 1 15 3 19 19 18 18 18 18 18 18 18 18 18 18 18 18 18 18 19 19 12 19 12 12 12 12 12 12 12 24 24 3 3 3 3 3 3 3 3 3 3 3 3 3 3 22 3 3 3 22 1 15 15 15 15 15 15 15 15 1 1 1 1 1 1 1 1 1 1 1 17 17 17 17 17 25 25 25 17 14 14 14 
25 25 25 25 25 25 25 25 25 25 25 25 25 17 25 25 17 17 17 1 15 1 19 19 19 18 18 18 18 18 18 18 18 18 18 19 23 24 11 11 11 11 11 11 11 11 11 11 11 11 11 11 11 11 11 11 11 11 11 11 11 11 11 11 11 11 11 11 11 10 10 10 20 20 20 20 15 15 1 22 17 17 17 1 1 1 1 1 1 1 1 1 1 1 1 1 1 1 17 17 1 14 1 14 
25 25 25 25 25 25 25 25 25 25 25 25 25 25 25 25 25 25 6 6 17 25 25 17 25 6 25 22 25 17 25 25 17 17 17 17 17 17 17 25 25 17 25 25 25 25 25 25 1 15 19 19 18 18 18 18 18 18 18 18 18 18 19 23 23 24 11 11 11 16 16 16 16 16 16 16 16 16 16 16 16 16 16 16 16 20 20 20 20 9 1 20 20 20 20 15 15 15 1 1 17 17 17 17 17 17 17 17 17 25 25 25 25 25 25 25 25 25 25 25 25 25 14 14 14 
6 6 17 17 25 25 25 25 25 6 25 25 25 25 25 25 25 25 25 17 1 18 18 18 18 18 18 18 18 18 18 19 12 12 12 24 24 24 24 11 8 8 15 3 3 16 16 16 16 16 16 16 16 16 20 20 20 20 20 20 20 15 15 22 22 22 22 22 22 17 17 17 17 17 17 25 25 25 25 25 25 17 17 25 25 25 14 14 
17 17 17 6 25 25 17 17 17 17 17 17 17 22 17 17 17 17 17 1 15 1 19 15 1 19 18 18 18 18 18 18 18 18 18 18 18 18 18 23 24 24 24 24 24 24 24 24 3 3 3 3 3 3 3 3 3 3 3 3 3 3 10 10 10 10 10 10 16 16 16 16 16 15 15 15 1 22 1 1 1 17 1 1 1 1 22 17 1 1 1 17 1 1 1 1 1 1 1 1 1 1 
25 25 25 25 25 25 25 25 25 25 25 25 25 25 25 25 25 25 17 22 1 15 15 15 19 19 18 18 18 18 18 18 18 18 18 18 19 12 23 23 23 23 23 23 23 8 8 8 8 8 8 8 8 8 8 2 2 8 8 8 2 2 2 2 2 2 10 10 10 10 10 10 10 20 20 20 20 20 9 10 22 22 22 22 22 22 22 22 22 22 22 22 17 17 17 25 25 25 25 25 17 17 25 25 14 14 14 
17 17 17 6 17 17 17 17 17 17 6 17 6 6 6 17 6 6 6 17 17 7 25 25 14 17 17 17 17 17 17 17 1 1 15 15 19 19 18 18 18 18 19 12 24 24 24 24 24 11 11 11 11 11 11 11 11 8 8 8 8 11 10 10 21 21 21 21 9 10 22 22 22 22 1 1 1 1 1 1 1 1 1 1 1 1 17 1 1 1 1 1 1 1 1 1 1 1 
