25 25 17 17 17 17 17 25 25 17 25 25 25 17 17 17 25 17 25 17 17 25 25 25 25 17 25 25 25 10 10 10 10 10 10 10 10 10 10 10 10 10 10 10 10 10 10 20 20 20 20 20 9 20 20 20 9 9 9 9 15 22 22 10 22 10 10 22 15 22 22 1 1 1 1 1 1 1 17 17 17 17 1 17 17 17 1 14 14 
25 25 25 25 25 25 25 25 17 25 25 25 25 25 17 25 25 25 25 25 25 5 5 2 2 2 2 2 2 2 2 2 2 2 2 2 2 2 2 2 2 2 2 2 2 2 2 2 9 9 9 9 9 9 9 9 9 9 9 9 9 9 9 9 9 9 9 9 9 9 9 9 22 22 22 22 22 22 22 22 22 22 17 17 17 25 25 25 25 25 25 14 14 14 
25 17 25 25 25 6 25 25 17 17 17 17 17 17 17 17 17 17 25 25 17 6 21 21 21 21 21 21 21 21 5 5 5 5 3 9 9 9 9 9 9 9 9 9 20 15 15 1 1 1 1 1 1 1 1 19 1 1 1 1 17 1 17 17 1 17 17 17 17 17 1 17 1 14 14 
17 6 6 6 6 6 6 6 6 6 6 6 6 22 22 17 17 17 17 17 25 7 7 25 7 25 25 25 25 25 17 17 25 25 25 25 25 17 25 6 22 3 3 5 3 3 3 3 3 5 5 5 5 5 5 5 3 3 3 3 3 9 9 3 9 9 9 9 9 9 9 9 9 9 15 15 15 15 15 15 15 15 15 1 1 15 1 15 1 1 1 1 1 1 22 1 1 1 1 1 1 1 1 
17 17 17 17 25 17 25 17 25 25 25 17 25 25 17 25 25 25 17 25 25 7 7 17 17 17 17 17 17 17 25 25 25 17 6 17 17 10 10 22 22 10 10 10 9 9 9 9 9 9 9 9 9 9 9 9 9 9 9 20 9 9 9 15 15 15 1 1 9 9 15 15 22 22 22 22 22 22 22 22 22 22 22 22 1 1 1 1 1 1 1 17 17 17 17 17 1 14 14 
17 17 17 17 17 17 17 17 17 17 17 17 25 17 17 17 17 17 17 17 10 21 21 21 21 21 21 21 21 21 21 21 21 21 21 21 21 21 21 21 21 21 21 20 20 20 20 20 20 20 20 20 20 20 10 1 1 1 1 10 10 10 10 10 22 22 22 22 22 22 22 17 1 1 1 17 22 1 1 14 22 
6 6 22 22 22 22 22 22 22 22 22 22 17 25 25 17 25 25 25 17 25 21 21 21 21 21 21 21 21 21 21 21 21 21 21 21 9 9 9 9 9 9 9 9 9 15 15 15 22 22 1 22 22 22 17 17 17 17 17 17 1 1 1 1 1 1 1 1 1 1 1 1 1 1 1 
17 17 17 17 25 25 25 17 25 25 25 25 25 25 17 22 22 17 25 14 22 20 10 10 10 10 10 10 10 10 10 20 20 20 20 20 20 20 20 20 20 20 20 20 20 20 10 20 10 10 10 10 22 22 22 22 22 22 22 22 22 22 22 22 22 22 22 22 22 22 22 22 22 22 
17 17 22 1 1 22 6 17 6 6 6 6 22 15 1 1 1 1 17 17 7 4 13 14 14 14 25 17 17 1 3 3 5 19 19 19 5 5 5 5 5 5 5 5 5 5 5 5 5 5 5 5 9 9 9 9 20 20 15 15 1 1 1 1 15 15 1 1 1 1 1 1 1 17 17 17 17 17 17 17 17 17 17 17 17 6 6 6 
25 25 25 25 17 25 25 25 25 25 25 25 25 25 25 17 25 22 22 22 22 1 20 20 10 10 10 20 20 20 20 20 20 20 20 20 20 20 20 20 20 20 20 20 20 20 20 20 20 20 20 20 20 20 15 15 1 22 22 22 22 22 22 22 22 22 22 22 22 22 22 22 22 22 17 22 25 17 14 14 14 
17 17 17 25 25 25 25 25 25 25 25 17 25 25 25 25 25 25 25 14 20 20 20 10 10 10 9 9 9 2 2 9 9 9 9 9 9 9 9 9 20 9 20 20 20 20 20 20 20 20 20 9 9 15 15 15 15 1 1 1 1 1 1 17 17 17 17 17 17 17 17 17 17 25 25 25 25 25 14 14 
25 25 25 25 25 25 25 25 25 25 25 25 25 25 25 25 25 25 25 25 25 7 7 25 25 25 25 25 25 25 25 25 25 25 17 1 10 10 10 9 9 9 3 9 9 9 9 9 20 20 20 20 20 20 20 20 20 20 20 20 15 15 10 22 22 22 22 22 22 22 17 17 17 25 25 25 25 25 25 25 25 25 25 25 25 25 14 14 
17 17 17 17 17 22 17 17 17 17 17 17 17 17 17 17 17 17 17 17 17 6 6 17 25 25 17 17 17 17 17 17 17 25 25 7 7 14 14 25 17 25 25 25 17 25 25 6 21 21 21 21 21 21 21 21 21 21 21 21 21 21 10 10 10 10 10 10 10 10 20 20 20 20 20 20 20 15 15 22 22 22 22 22 22 22 22 22 22 17 17 22 17 17 17 17 17 17 17 17 17 17 17 17 14 14 14 
25 25 25 17 17 17 25 25 25 25 25 25 25 25 25 7 25 25 25 6 25 5 2 2 2 2 2 2 2 2 2 2 2 2 2 2 2 2 2 2 2 2 2 2 2 2 2 9 9 9 9 9 20 20 20 20 22 22 22 22 22 22 17 17 25 25 17 25 25 25 25 25 25 25 17 17 25 25 25 25 25 25 14 14 
17 17 6 6 6 6 6 6 6 6 22 6 6 6 6 6 17 17 17 17 7 7 17 6 25 7 7 6 25 7 7 15 1 1 21 21 21 21 21 21 21 21 21 21 21 21 21 21 9 9 9 20 20 20 10 15 15 1 1 1 1 17 17 17 17 17 17 17 17 17 17 17 17 1 1 1 1 1 1 1 
