17 17 17 25 25 25 25 25 25 25 25 25 25 25 17 17 6 6 17 17 1 1 24 24 24 24 24 23 23 23 23 23 12 12 12 12 12 12 1 1 1 17 17 17 17 25 25 13 13 13 7 6 6 1 1 1 17 17 17 17 17 17 17 25 17 17 17 25 17 17 17 25 17 25 25 17 25 14 14 14 
17 17 17 17 17 22 22 6 25 25 6 25 25 25 25 25 25 25 25 25 25 7 7 25 25 25 7 7 25 25 25 25 25 6 25 25 25 25 7 25 17 25 19 19 19 19 19 12 19 19 18 12 12 12 12 12 12 12 12 12 12 12 12 12 12 1 1 1 1 1 17 17 17 7 13 13 13 7 7 25 25 25 25 6 6 17 17 17 25 25 17 25 25 25 7 25 25 25 17 17 25 25 25 25 14 14 14 
22 22 17 17 17 17 6 6 6 17 17 17 17 17 17 17 17 22 17 17 25 7 7 13 7 14 25 25 25 25 25 25 25 6 24 25 24 24 24 24 24 24 24 24 24 24 12 12 12 12 12 12 24 24 24 24 24 1 1 1 17 17 25 25 25 25 25 7 13 18 13 13 13 13 13 13 7 7 14 14 14 6 22 22 22 22 22 22 22 22 17 7 22 22 22 22 25 7 17 22 1 1 6 6 1 22 1 22 22 17 17 1 17 17 17 6 17 1 17 1 1 17 17 17 17 17 14 22 
6 17 17 17 17 17 25 25 25 7 25 25 25 25 25 25 25 25 25 25 6 12 12 12 12 12 12 12 12 12 12 12 12 12 12 12 1 1 1 17 17 25 25 25 7 13 4 4 4 13 13 13 13 13 7 7 7 7 25 14 14 6 6 6 6 25 25 6 22 22 22 22 22 1 1 1 1 1 1 22 1 1 1 1 1 1 1 14 
25 25 17 25 25 25 25 25 25 25 25 25 25 17 17 17 25 17 25 25 25 25 17 19 1 17 17 17 25 25 25 25 7 13 25 25 14 17 17 25 6 1 17 25 25 25 1 1 1 23 23 23 23 23 23 23 23 12 12 23 23 24 23 19 15 1 1 17 17 17 7 13 18 18 18 18 19 19 19 19 1 1 1 15 15 1 15 15 15 15 1 15 15 15 15 15 15 15 15 15 15 15 15 1 1 1 1 1 
17 17 17 17 17 17 17 17 17 17 17 17 25 25 17 25 17 17 17 17 17 6 24 24 24 24 24 24 12 12 12 12 12 12 12 12 12 12 24 24 24 24 24 24 15 15 1 1 1 17 17 17 7 7 7 7 7 25 25 25 25 6 6 6 6 6 6 6 22 1 6 1 17 1 1 1 1 1 1 1 1 1 1 1 1 
25 17 25 25 17 17 17 17 25 25 17 25 25 25 17 25 25 25 25 6 17 24 24 24 24 24 24 24 24 24 24 24 24 24 24 1 1 17 22 22 17 25 25 25 17 25 17 17 25 25 17 25 25 17 17 25 25 25 25 25 25 25 14 14 14 
25 25 25 1 15 15 1 17 25 25 25 25 25 25 25 25 25 25 25 25 1 11 11 11 24 24 24 24 24 24 24 24 24 24 24 24 24 24 24 24 24 24 24 24 1 6 25 25 25 25 25 25 25 25 25 25 25 25 25 25 25 25 25 25 25 25 25 25 25 25 25 14 14 14 
17 17 17 17 17 17 25 17 17 17 17 17 17 17 25 25 17 25 25 25 17 1 1 5 19 19 19 19 19 19 19 19 12 12 12 12 12 12 12 12 12 12 12 24 24 15 1 1 25 17 17 17 25 6 7 7 7 25 14 1 6 1 1 1 1 17 17 17 17 17 25 17 17 17 17 17 17 17 17 17 17 25 17 17 14 14 14 
17 17 17 17 17 17 17 17 17 17 25 25 17 25 25 25 25 25 25 25 7 7 6 14 25 25 25 6 25 24 24 24 24 24 24 24 24 24 24 24 24 24 24 24 24 24 24 24 24 24 24 15 1 1 1 1 1 17 17 7 7 25 14 14 6 6 6 6 22 6 22 22 22 22 17 17 22 17 17 17 17 17 25 17 17 17 17 14 14 14 
25 25 25 25 25 25 25 25 25 25 25 25 25 6 6 25 25 25 25 25 6 6 6 25 6 6 17 25 25 25 25 25 25 25 25 17 17 24 24 23 23 23 23 23 23 23 23 23 23 23 23 23 23 24 24 24 24 15 15 1 1 17 17 17 19 17 7 7 7 7 7 14 14 22 22 22 22 22 22 17 17 17 25 25 25 25 25 25 25 25 17 25 25 25 25 25 25 25 14 14 14 
25 25 25 25 25 25 25 25 25 25 25 25 25 17 25 25 25 25 25 17 7 7 7 14 7 25 25 25 25 25 25 25 25 25 25 12 24 24 12 12 12 12 12 12 12 24 24 24 24 24 24 1 15 15 1 25 25 25 25 25 25 25 25 25 25 25 25 25 25 17 1 1 25 25 25 17 6 17 14 14 14 
17 17 17 17 17 17 17 17 17 17 17 17 17 17 17 17 17 17 17 25 25 7 7 14 14 14 17 17 25 25 25 24 23 24 24 24 24 23 12 12 12 12 12 12 12 24 24 24 24 24 1 17 17 17 25 17 17 25 7 13 13 13 13 13 7 7 7 7 7 14 14 14 6 22 6 22 22 22 22 17 17 17 17 17 17 17 17 17 17 17 17 17 17 17 14 14 14 
25 25 25 25 25 25 25 25 25 25 25 25 25 25 25 25 25 25 7 23 23 23 23 23 23 23 23 23 23 23 23 23 23 23 23 24 24 24 15 1 17 25 25 1 7 13 13 13 13 7 14 14 22 17 17 17 17 17 17 17 25 25 25 25 25 25 25 25 25 25 25 17 25 25 25 25 25 14 14 
22 22 6 6 6 6 6 6 6 6 6 6 6 6 17 6 6 17 17 17 13 13 25 6 25 7 7 14 14 14 17 25 6 24 24 24 24 24 24 24 24 24 24 24 24 24 24 24 1 1 17 17 17 17 25 7 13 13 7 7 7 14 14 17 22 17 17 17 17 17 17 17 17 17 17 17 17 17 25 17 17 17 17 17 17 17 17 17 14 14 
