17 25 25 17 17 17 17 17 17 6 25 17 25 25 25 25 25 25 17 17 17 7 13 13 4 4 4 4 4 4 4 4 4 4 4 4 4 13 19 23 24 24 24 24 24 24 12 1 1 17 17 17 17 22 19 13 4 4 4 4 4 4 4 4 4 4 4 13 13 13 13 13 13 13 7 7 14 14 22 22 22 22 22 22 22 22 17 17 17 1 17 17 17 17 22 22 17 17 17 17 17 17 17 17 14 1 
17 17 25 17 17 17 25 17 17 17 17 17 17 17 17 17 17 17 25 25 25 25 7 7 13 13 13 13 4 4 4 4 4 4 4 4 4 4 4 4 4 4 4 18 19 19 19 19 19 19 19 19 23 23 19 19 19 22 1 1 1 1 1 17 25 17 22 22 5 13 4 4 4 4 4 4 4 4 4 4 4 4 4 4 13 13 13 13 13 13 13 7 7 25 25 25 25 25 25 25 25 17 25 17 25 25 25 17 17 25 17 25 25 25 25 17 25 25 17 14 14 14 
25 17 17 17 17 17 17 17 17 17 17 17 17 17 17 17 17 17 17 17 7 13 7 14 14 17 17 25 25 25 17 25 7 13 13 13 13 4 4 4 4 4 4 4 4 4 4 4 13 19 3 3 3 3 3 23 23 23 23 23 24 24 1 15 15 1 1 17 17 25 25 6 7 7 13 13 13 13 13 13 13 13 13 13 13 13 13 18 18 7 14 14 14 22 22 6 6 6 17 22 22 5 17 22 22 22 6 6 17 22 17 1 1 17 1 6 17 22 1 1 
17 17 17 6 6 6 6 6 6 6 6 6 6 6 6 6 6 6 6 6 6 7 7 17 22 25 7 25 25 25 25 25 25 25 25 25 25 17 17 17 25 25 7 13 13 4 4 4 4 4 4 4 4 4 4 4 4 18 19 19 19 19 19 12 12 12 1 1 17 17 17 17 7 7 13 13 4 4 4 4 4 4 4 4 4 4 4 4 4 4 4 4 4 18 13 13 13 7 7 14 14 17 1 1 1 1 17 1 1 1 17 17 1 1 17 1 17 1 1 17 17 17 25 17 25 17 14 14 14 
25 25 25 25 25 17 25 25 25 25 25 25 25 17 25 17 17 25 17 17 25 7 25 25 25 17 17 7 13 7 25 7 7 7 25 25 25 7 17 25 17 25 7 25 25 15 3 5 6 7 13 13 4 4 4 4 4 4 4 4 4 4 4 4 4 19 19 3 3 3 3 23 23 19 19 19 17 17 17 17 8 7 13 13 4 4 4 4 4 4 4 4 4 4 4 4 4 4 4 4 13 13 13 7 7 14 14 6 22 17 25 17 1 17 17 25 25 17 25 25 17 25 25 17 17 17 1 17 17 17 17 25 25 1 1 17 17 17 7 7 17 14 14 17 17 17 17 17 17 17 17 17 17 17 17 17 17 17 17 17 17 17 17 25 17 17 17 14 14 14 
22 22 22 17 22 22 17 17 17 17 17 17 17 17 17 17 17 17 17 25 7 7 13 13 13 4 4 4 4 4 4 4 4 4 4 4 4 4 18 18 19 23 23 23 23 23 24 23 23 24 24 24 24 24 11 15 1 7 17 17 17 25 17 17 25 7 13 13 13 13 13 13 13 13 13 13 13 13 13 13 7 7 7 7 25 14 14 6 6 22 22 22 22 17 22 22 22 22 17 17 22 22 17 22 22 17 17 17 17 17 17 14 14 
25 17 17 25 25 25 17 25 17 25 25 25 6 6 25 17 25 25 25 17 6 7 13 13 4 4 4 4 4 4 18 19 21 21 21 21 24 24 23 23 1 1 1 6 6 7 7 13 13 13 13 13 13 13 13 13 13 13 13 13 13 13 13 7 7 25 6 6 6 22 22 17 17 17 17 17 17 17 17 17 17 17 17 17 17 17 17 17 25 25 17 14 14 14 
25 25 25 25 25 25 25 25 25 25 25 25 25 25 25 25 25 25 25 25 25 25 25 17 25 14 17 22 22 22 22 22 22 1 1 1 19 1 1 1 1 17 7 13 13 13 4 4 4 4 4 4 4 4 13 19 19 23 23 23 23 23 23 23 23 23 11 11 11 22 1 1 1 17 22 8 6 25 7 7 7 7 13 13 7 7 7 7 7 25 14 14 25 14 22 17 22 22 22 22 22 22 22 6 22 6 6 22 22 22 22 22 22 22 22 22 22 22 22 22 22 22 22 17 25 6 22 22 17 25 6 25 25 25 25 25 14 14 14 
17 17 17 17 17 17 17 17 17 17 17 17 17 17 17 17 17 17 17 25 25 7 7 14 14 17 17 25 17 6 22 25 25 7 6 7 13 7 13 7 7 7 14 14 14 17 25 25 17 22 22 25 7 13 13 13 4 4 4 4 4 4 4 4 4 4 4 4 4 4 18 18 19 19 19 19 19 19 19 19 19 19 19 19 19 19 19 19 8 1 17 17 17 17 17 17 17 25 7 25 7 13 13 4 4 4 4 4 4 4 4 4 4 4 4 4 13 13 13 13 13 13 7 19 14 14 17 17 17 17 17 17 17 17 17 17 17 17 17 17 17 17 17 17 17 17 17 17 17 1 17 1 1 14 
17 17 17 17 25 17 25 25 25 25 25 25 25 17 17 25 25 25 25 7 7 13 13 13 13 13 13 13 13 13 13 13 13 13 19 11 11 11 24 11 11 11 11 11 11 11 1 1 1 17 17 25 25 22 22 22 7 7 13 13 13 13 13 13 13 13 13 7 7 14 14 22 22 22 17 25 25 25 25 25 25 25 25 25 25 25 25 25 25 25 25 25 25 25 25 25 14 14 
17 6 6 22 17 17 17 25 25 25 25 25 25 25 25 25 25 25 17 17 6 7 7 13 13 4 4 4 4 4 4 4 13 18 19 19 3 3 8 8 8 8 8 11 8 19 19 23 7 19 17 17 5 7 7 13 13 13 4 4 4 4 13 13 13 13 7 7 25 25 17 25 17 25 25 25 25 25 25 25 25 25 17 17 17 25 25 25 25 17 25 25 25 25 14 14 14 
25 25 17 25 25 25 25 25 17 25 17 25 25 25 25 25 25 25 22 22 25 7 25 25 25 17 22 25 7 13 13 4 4 4 4 4 4 4 4 4 4 4 4 4 4 4 18 19 23 24 24 24 24 24 24 24 19 7 17 14 14 25 25 25 25 6 7 13 4 4 4 4 4 4 4 4 13 13 7 14 14 22 22 22 22 17 17 25 25 25 25 25 25 17 17 25 25 17 17 17 25 25 25 25 25 1 14 14 
25 25 17 25 17 17 17 17 17 17 25 17 25 25 25 17 25 17 17 17 17 17 17 17 17 17 17 6 7 25 17 17 17 17 17 17 17 17 17 17 17 25 25 7 7 25 7 7 13 13 4 4 4 4 4 4 4 4 4 4 4 4 18 19 19 23 23 23 23 23 23 23 24 24 1 1 1 17 17 25 25 22 22 7 13 4 4 4 4 4 4 4 4 4 4 4 4 4 13 13 13 13 7 7 7 7 7 25 25 14 14 14 22 22 22 22 22 22 22 22 22 22 22 22 22 17 17 17 17 17 17 17 17 14 14 14 
17 25 25 17 17 17 25 17 17 25 25 25 25 25 17 25 25 25 25 7 13 4 4 4 4 4 4 4 4 4 4 4 4 4 4 4 4 18 19 23 23 23 23 23 23 23 23 23 23 23 23 23 3 1 1 17 25 25 25 25 22 5 7 13 13 4 4 4 4 4 4 4 4 4 4 4 4 13 13 13 13 13 7 7 14 14 25 22 17 25 25 25 25 25 25 25 17 25 25 25 25 25 25 25 25 25 25 25 6 25 25 14 14 
17 17 17 6 17 17 17 17 17 17 17 17 22 17 6 6 6 17 17 17 17 17 17 17 17 13 7 7 6 22 25 7 17 25 7 13 4 4 4 4 4 4 4 4 13 19 19 24 24 24 24 24 24 24 24 15 1 1 17 17 22 22 7 13 13 13 13 4 4 4 4 4 13 13 13 13 13 13 13 7 7 14 14 22 22 1 1 1 1 1 1 17 17 17 17 25 25 17 17 17 17 17 17 1 1 17 1 1 1 14 14 
