17 17 17 17 17 17 25 25 17 25 17 17 17 25 17 17 17 17 17 25 25 7 7 7 7 7 19 7 19 19 19 16 16 16 8 8 8 8 8 24 24 24 12 24 24 12 24 24 12 12 12 12 12 12 12 12 23 1 6 6 6 6 6 1 1 6 6 6 6 6 6 6 1 6 6 17 6 6 17 17 6 17 6 14 14 
25 25 25 25 25 25 25 25 25 25 25 17 25 17 17 25 25 25 25 7 7 7 7 7 7 7 7 7 1 3 3 3 16 16 16 3 3 8 8 8 23 23 23 23 23 12 12 12 12 12 12 12 12 12 12 12 12 12 12 12 12 12 12 12 12 12 12 12 12 12 12 12 12 12 12 12 12 12 12 1 1 1 6 6 17 6 6 6 6 25 6 17 17 25 17 17 17 25 25 14 14 14 
17 17 17 17 17 17 17 17 17 17 17 17 6 6 6 6 17 6 17 17 17 6 6 25 25 7 13 7 7 14 17 17 7 7 19 19 8 11 11 16 16 16 16 16 8 8 8 11 11 11 24 24 24 24 24 24 24 12 12 12 12 12 12 12 12 19 12 12 12 24 1 1 1 25 25 6 6 6 7 19 1 1 1 1 1 1 1 17 17 25 25 25 17 17 17 14 14 14 
25 25 17 6 17 17 17 25 17 17 17 17 25 25 25 25 25 25 25 25 25 7 7 7 13 12 7 7 7 23 23 1 16 16 16 16 16 3 3 23 23 23 12 12 12 12 12 12 12 12 12 12 12 12 12 12 12 12 12 12 12 12 1 1 1 1 1 1 1 1 1 1 1 1 1 1 1 1 1 1 1 1 1 1 1 1 1 1 1 1 
25 25 25 25 25 25 6 6 6 6 6 25 25 25 25 25 25 17 17 7 25 7 7 7 19 7 7 25 14 6 22 22 22 22 22 17 17 17 17 17 1 1 25 7 7 7 7 7 13 13 13 13 19 19 19 1 16 16 16 16 16 16 16 16 8 8 8 8 23 23 23 23 23 23 23 23 24 15 1 19 19 7 7 7 7 7 7 25 25 25 25 25 25 17 25 17 25 17 25 17 25 25 17 17 14 14 14 
17 17 17 17 17 17 17 17 17 17 17 17 17 17 17 17 25 25 7 7 7 7 7 13 13 13 7 7 19 8 16 16 16 16 16 16 16 16 16 8 8 11 23 23 24 24 12 12 12 12 24 24 24 24 24 24 24 24 24 24 24 24 24 24 24 24 24 24 24 24 25 25 6 6 6 6 6 6 6 6 6 1 1 1 6 17 17 17 17 17 17 17 17 17 14 14 22 
25 25 25 25 17 17 6 25 25 17 25 6 6 25 17 17 6 17 17 25 7 13 7 14 14 17 25 25 25 25 25 22 6 22 6 7 7 13 13 7 7 13 7 7 19 3 16 16 16 16 16 16 16 11 11 11 24 24 24 24 24 24 24 24 24 24 24 24 1 1 6 6 22 22 22 22 22 22 22 6 17 1 1 1 17 17 17 17 17 1 17 17 1 17 17 17 25 25 14 14 14 
25 25 17 17 17 17 17 17 17 17 25 25 25 25 25 25 25 17 17 25 25 7 7 7 7 7 7 7 25 14 14 15 16 16 16 16 16 16 16 11 11 11 11 11 11 11 11 11 11 11 24 24 24 24 24 24 24 1 1 1 1 1 1 1 15 15 15 15 15 15 15 15 15 15 15 15 15 15 22 22 15 1 22 22 
17 17 17 17 17 17 17 22 17 17 17 17 17 17 17 17 17 17 17 22 25 7 6 6 25 25 7 7 7 13 14 14 14 25 25 17 17 17 17 17 17 25 25 7 7 7 7 19 15 3 8 16 16 16 16 16 3 3 3 3 3 3 3 3 23 23 12 12 12 12 12 12 12 12 12 12 12 12 24 24 1 15 1 6 1 1 1 1 1 1 1 1 1 1 17 17 17 17 17 17 17 17 17 17 17 14 14 14 
25 25 25 25 17 25 25 25 25 25 25 25 25 25 25 25 25 25 25 25 7 7 7 7 7 1 8 8 8 11 11 11 11 11 11 11 11 11 11 11 11 11 11 11 11 24 24 24 24 24 24 24 24 24 24 24 1 1 1 6 6 6 6 1 6 6 17 17 17 17 17 17 6 25 17 17 17 25 25 25 14 14 14 
25 25 25 25 25 25 25 25 25 25 25 25 17 25 25 25 25 25 7 7 7 7 7 7 19 19 23 8 16 16 16 16 16 16 16 16 16 8 8 8 11 11 24 24 24 24 24 24 24 24 24 24 24 24 24 15 15 1 1 6 22 22 17 17 17 25 17 17 17 25 25 25 25 25 25 25 25 25 25 25 25 14 14 14 
25 25 25 25 25 25 25 25 25 25 25 25 25 25 25 25 25 25 25 25 7 7 25 25 25 25 25 25 25 25 25 7 25 25 7 7 19 19 8 16 16 16 16 16 16 16 16 16 11 11 11 11 24 24 24 24 24 24 24 24 24 24 24 24 24 24 6 6 6 6 22 22 17 17 25 25 25 25 25 25 25 25 25 25 25 25 25 14 14 14 
25 17 25 17 17 17 17 17 17 17 17 17 17 17 17 17 17 17 25 25 7 7 6 6 17 17 17 17 17 1 17 17 17 25 7 7 7 7 7 7 7 7 13 13 13 7 13 19 3 3 3 3 3 3 3 3 3 3 3 3 3 23 23 23 23 24 24 24 24 24 24 23 23 24 24 24 24 24 24 24 24 1 1 1 6 6 6 6 6 22 22 22 22 1 22 22 22 1 1 1 1 1 1 1 17 1 17 1 1 14 
25 25 25 25 25 25 25 25 25 25 25 25 25 25 25 25 17 17 25 7 7 7 13 7 13 13 13 18 13 13 13 13 13 13 13 13 13 13 19 8 8 8 8 8 8 8 8 8 8 8 8 8 8 23 23 23 23 23 23 23 23 23 23 23 23 23 23 24 24 24 24 24 24 24 24 24 24 24 6 6 6 6 6 6 6 6 6 17 6 1 1 1 17 17 17 1 17 17 17 17 17 17 17 14 14 14 
17 17 17 17 17 17 17 17 17 17 17 17 17 17 17 25 17 17 22 17 17 7 7 7 14 17 17 22 25 13 7 7 6 8 22 15 16 16 16 16 11 11 11 11 11 24 24 24 24 24 24 24 24 24 24 1 1 1 1 17 17 17 17 25 17 17 17 17 17 17 17 1 17 17 17 17 1 1 1 1 1 1 1 
