17 25 25 25 25 25 17 17 17 17 25 25 25 25 17 25 25 6 6 25 7 7 7 7 7 7 7 7 1 20 20 20 20 20 20 20 20 20 20 20 20 20 10 10 10 10 8 16 16 16 16 16 16 16 16 16 22 22 6 22 22 22 22 22 22 22 22 22 22 22 22 22 22 22 22 22 22 22 22 22 22 22 22 14 22 
17 17 17 17 17 17 25 25 25 17 25 25 25 17 25 25 25 25 25 6 25 7 7 7 7 13 13 13 7 7 13 13 13 13 7 5 9 2 2 2 2 2 2 2 2 2 2 2 2 2 2 2 2 2 2 2 2 2 2 2 2 2 3 3 3 3 3 3 3 16 16 16 16 3 16 16 22 22 22 22 22 22 22 22 22 22 22 22 22 22 22 22 22 22 17 17 17 17 17 14 14 14 
17 17 17 25 17 17 17 17 17 17 17 17 17 17 17 17 17 17 17 25 6 6 6 25 25 17 7 13 7 25 1 17 7 7 7 7 19 9 9 9 9 9 9 9 9 9 20 20 20 20 20 20 20 20 20 20 16 16 16 16 16 16 16 16 22 22 22 22 22 22 22 22 5 5 22 22 22 1 1 1 17 17 17 17 17 17 17 17 17 17 14 14 14 
25 25 25 25 25 25 25 25 25 17 17 17 17 17 17 17 17 25 17 17 25 25 25 6 6 6 17 25 25 6 17 17 7 7 7 7 7 7 7 7 7 13 7 7 7 9 9 9 9 9 9 9 9 9 9 9 9 9 9 9 9 9 9 9 3 3 3 16 3 16 16 16 16 16 16 16 16 16 16 16 16 16 22 22 22 1 1 1 1 1 1 1 1 1 1 1 1 1 1 1 1 1 1 1 1 1 1 1 1 1 1 
25 25 25 25 25 25 25 25 25 25 25 25 17 17 17 25 25 25 25 25 25 13 13 13 14 14 1 17 25 25 25 25 19 1 17 17 7 7 13 13 13 13 13 13 13 13 13 13 19 20 20 20 20 20 20 20 20 20 20 20 16 16 16 3 16 16 3 16 16 11 15 15 15 15 15 1 1 1 17 7 7 17 14 14 17 17 17 17 25 25 25 17 25 17 17 17 17 17 17 17 25 25 17 25 25 25 17 25 14 14 14 
17 17 17 17 17 17 17 17 17 17 17 17 17 17 17 17 17 17 17 17 7 7 7 13 7 7 13 13 13 13 13 19 9 20 20 20 20 20 20 20 20 20 20 20 20 20 20 20 20 20 20 20 20 20 11 11 11 16 16 16 16 16 16 16 16 16 16 16 16 16 16 16 22 22 22 22 22 22 25 22 22 22 22 22 22 22 1 17 22 22 22 22 17 22 22 22 1 22 22 
25 25 17 17 25 17 14 17 6 6 17 25 17 25 17 17 25 25 25 25 6 7 7 7 19 9 20 20 20 20 20 20 20 20 20 20 20 16 16 16 16 16 16 16 16 16 16 16 16 16 16 16 22 22 22 22 22 22 22 22 22 17 17 17 17 17 17 17 17 17 25 17 25 25 17 17 14 14 14 
25 25 25 25 25 25 25 25 25 25 25 25 25 25 17 17 25 17 17 6 25 25 7 7 7 7 7 7 7 7 7 7 1 20 20 20 20 20 20 20 20 20 20 20 20 20 20 20 20 20 20 16 16 16 16 16 16 16 16 16 16 16 16 16 16 16 16 16 22 22 22 22 22 22 22 22 22 22 22 22 22 22 22 22 22 17 17 17 22 14 14 22 
6 17 17 17 17 17 17 17 17 17 17 17 17 7 13 7 14 14 17 6 25 17 17 7 7 14 14 14 22 22 22 22 25 7 6 6 6 22 22 6 6 6 6 6 6 17 17 17 17 17 17 25 25 25 7 7 7 7 7 19 9 9 9 9 9 9 9 9 9 9 9 9 9 9 9 9 9 9 3 3 3 3 3 3 3 16 16 16 16 3 16 15 15 15 15 22 15 15 15 15 15 15 15 15 1 15 15 15 15 15 15 15 15 15 1 1 15 15 1 15 
17 17 17 17 17 17 17 25 25 25 25 6 6 6 6 6 6 6 25 25 7 7 7 7 7 6 20 20 20 20 20 20 20 20 20 20 20 20 20 20 20 20 20 20 20 20 20 20 20 20 16 16 16 16 16 16 16 16 16 22 22 22 22 22 22 22 22 17 17 25 25 25 25 25 25 25 25 25 6 6 25 25 25 25 14 14 14 
17 17 17 17 25 25 25 25 25 25 25 25 17 25 25 17 17 6 6 17 7 7 7 7 7 7 7 19 19 9 9 20 20 20 9 20 20 20 20 20 20 20 20 20 20 20 20 20 20 20 16 16 16 16 16 16 16 16 16 16 15 1 1 1 1 1 17 17 17 17 17 17 17 17 17 17 17 25 25 17 25 25 25 25 25 25 25 14 14 
6 25 6 25 6 6 25 25 25 25 25 17 25 25 25 25 25 25 17 25 17 17 17 25 25 25 25 25 25 25 25 25 25 25 25 25 7 25 25 7 7 19 9 9 9 9 20 20 20 20 20 20 20 20 20 20 16 16 16 16 16 16 16 16 16 16 22 22 22 22 22 22 17 25 25 25 17 17 25 25 25 25 25 25 25 25 25 25 25 14 14 14 
17 17 17 17 17 17 17 17 17 25 17 25 17 17 25 17 17 17 25 25 6 25 6 25 22 22 17 17 17 17 6 25 25 25 25 7 7 7 7 13 7 7 7 7 19 19 19 9 9 9 9 9 9 9 9 9 9 9 9 9 9 9 9 9 10 10 16 16 16 16 16 16 16 16 16 16 3 3 22 22 22 6 6 6 6 22 22 22 22 22 22 22 1 1 17 1 1 1 1 17 17 14 14 14 
25 25 25 25 25 25 25 25 25 25 25 6 25 7 13 13 13 13 13 13 13 13 19 2 2 2 2 2 2 2 2 2 2 2 2 2 2 2 2 2 2 2 2 2 2 8 8 8 16 8 8 16 16 22 22 22 22 22 22 22 22 17 17 25 17 25 25 25 17 17 25 25 25 25 25 25 25 25 25 25 14 14 14 
17 17 17 17 17 17 17 17 17 17 1 17 17 17 17 17 17 17 17 17 17 19 17 17 17 25 6 6 17 17 17 6 22 22 22 25 7 7 7 9 9 9 9 9 9 9 9 9 9 9 20 20 20 20 10 10 10 16 16 16 16 16 22 22 22 1 17 17 17 17 17 17 17 25 25 17 17 17 25 17 25 17 25 25 25 25 6 14 14 14 
