22 6 6 22 22 22 22 17 17 17 17 17 17 17 17 25 17 17 1 1 1 15 15 1 15 20 20 20 9 9 9 20 10 10 2 2 2 2 2 8 1 11 23 24 24 15 15 15 15 15 15 15 15 1 15 22 22 22 22 22 22 22 22 22 22 22 22 22 17 22 22 22 22 17 22 22 1 15 
25 25 25 25 25 25 25 6 25 25 25 25 25 17 17 17 17 17 17 1 15 20 20 20 20 20 20 20 9 9 9 9 9 9 2 2 2 2 2 2 2 2 2 2 5 5 5 5 5 5 23 19 23 23 24 15 15 15 15 15 15 15 15 15 15 15 15 15 15 1 1 1 1 1 17 25 25 25 25 17 17 17 17 17 17 17 17 17 17 17 17 17 17 17 14 14 14 
17 17 17 17 17 17 1 17 17 17 25 25 25 17 6 6 6 17 17 1 15 15 15 9 9 9 9 9 9 9 9 9 9 9 9 3 3 3 3 3 3 3 3 15 15 15 15 15 15 15 15 15 1 1 1 1 1 17 1 17 1 17 1 1 17 6 6 17 6 17 6 6 22 17 6 6 17 14 14 14 
25 25 17 25 17 17 25 17 17 17 17 17 17 17 6 17 17 17 25 17 25 25 6 6 17 25 25 25 25 17 25 25 25 17 17 17 17 25 25 17 1 15 20 20 20 9 9 9 9 9 9 9 9 5 21 21 21 21 23 23 23 23 15 15 15 15 15 15 15 15 15 15 15 15 15 15 1 1 1 1 1 1 1 1 1 1 1 1 1 1 1 1 1 1 1 1 1 1 1 1 1 1 1 
17 17 1 17 17 17 17 17 17 17 17 17 17 17 17 17 25 17 22 14 1 15 15 15 15 15 15 15 9 9 9 9 9 9 9 3 3 3 5 2 8 15 15 15 15 15 15 15 15 1 19 19 25 19 1 1 1 1 22 15 1 1 1 1 1 1 17 17 17 17 17 17 25 25 25 17 25 25 25 25 25 14 14 14 
17 17 17 17 17 17 17 17 25 17 17 17 17 17 17 17 17 17 17 1 20 20 20 20 20 20 20 20 20 10 10 10 10 21 21 21 21 21 21 21 21 6 6 6 24 11 11 11 11 11 11 15 15 15 15 15 15 15 15 15 15 15 1 22 22 22 22 22 22 22 22 1 22 17 17 17 17 1 14 14 
25 25 25 25 25 25 25 25 25 25 17 25 17 25 17 25 25 25 17 17 6 17 6 22 25 22 22 22 22 22 22 22 17 25 17 17 1 1 1 15 9 15 9 9 9 9 9 9 9 9 3 3 3 21 21 21 21 21 21 21 21 11 15 15 15 15 1 1 1 1 1 1 17 17 17 1 1 1 1 1 1 1 1 1 1 6 6 17 17 17 25 14 14 14 
25 25 25 25 25 25 25 25 25 25 25 25 25 25 25 25 17 17 17 1 15 20 20 20 20 20 20 20 20 20 20 20 20 20 10 10 10 10 10 8 8 11 11 11 11 11 11 11 15 15 15 15 15 1 1 1 1 1 17 17 17 17 17 17 17 17 17 17 25 17 17 17 17 25 25 25 14 14 14 
6 6 6 17 6 6 6 17 6 17 6 22 22 22 22 22 22 25 25 17 25 7 25 25 25 6 17 17 17 17 17 17 17 1 15 15 9 9 9 9 9 9 9 9 9 9 9 9 9 5 5 5 5 5 5 5 5 5 5 5 5 5 5 23 1 1 15 15 15 15 15 1 1 15 1 1 1 1 1 22 22 22 22 22 22 1 1 22 1 17 17 17 1 17 1 17 17 17 17 17 17 17 17 14 14 14 
25 25 25 25 25 25 25 25 25 25 25 25 25 25 25 25 25 25 17 14 1 15 15 20 11 20 20 20 20 20 20 20 20 20 10 10 10 10 10 10 10 10 10 10 10 10 10 11 11 11 11 11 24 11 15 15 15 15 15 15 15 15 15 15 1 1 6 6 6 6 6 6 17 6 22 25 25 25 25 25 25 14 14 14 
22 17 17 17 17 17 25 25 25 25 25 25 25 25 17 17 17 17 17 1 20 20 20 20 20 20 20 20 20 20 20 9 9 9 5 10 10 10 10 10 8 8 8 8 11 15 15 15 20 15 15 15 15 15 15 15 15 15 15 1 1 17 17 17 17 17 17 17 17 17 17 17 17 17 17 17 17 17 14 14 
17 17 25 17 17 17 25 17 25 25 25 17 25 25 25 25 25 25 25 25 25 7 7 25 7 13 25 25 25 6 22 25 7 25 17 17 17 17 1 15 20 20 20 20 20 9 9 9 9 9 10 10 10 10 8 21 21 21 11 23 15 15 15 15 15 15 15 15 1 17 17 17 17 17 17 7 17 17 17 17 25 17 17 1 1 17 17 17 17 14 14 14 
17 25 17 17 17 17 17 17 25 17 17 25 25 17 25 17 17 25 25 25 25 6 25 22 25 17 17 17 17 17 22 17 17 17 22 22 22 22 22 17 17 22 1 9 20 20 20 20 11 11 11 11 9 9 9 9 21 21 21 21 21 21 21 21 21 21 21 21 21 21 21 11 11 11 15 15 15 15 15 15 15 1 1 1 1 1 1 22 22 22 22 22 1 22 17 17 17 17 17 17 17 17 17 17 17 17 1 17 17 17 1 14 
25 25 25 25 25 25 25 25 25 25 25 17 17 17 17 17 17 1 1 1 1 9 9 9 9 9 9 9 9 9 9 9 9 9 9 2 2 2 2 2 2 2 2 2 2 2 2 2 2 2 23 23 23 11 15 15 15 15 15 15 15 15 15 15 15 15 24 15 15 15 1 22 22 22 22 22 22 22 22 17 25 25 25 25 25 25 25 25 25 25 25 25 25 25 14 14 14 
17 17 17 17 17 17 17 17 17 17 25 17 25 25 17 17 17 22 22 17 22 6 22 17 17 25 25 17 17 22 17 17 10 9 9 9 9 9 9 9 9 21 21 21 21 21 21 21 21 21 21 21 21 15 15 15 15 15 15 15 22 1 1 15 1 1 1 1 1 1 1 1 1 1 1 1 1 1 1 1 1 1 1 1 
