25 17 17 25 25 25 25 17 17 17 17 17 17 17 17 17 17 25 25 17 25 7 13 4 4 4 4 4 4 4 4 18 19 23 23 19 1 17 1 23 1 1 1 10 10 10 10 11 11 21 21 11 15 15 15 15 15 15 15 15 15 15 1 6 6 1 22 22 22 22 17 22 22 22 22 22 17 17 17 17 17 17 17 17 17 17 17 17 17 17 17 1 17 14 14 14 
25 25 25 25 25 25 17 25 25 25 17 25 25 25 25 17 25 25 17 25 25 25 13 13 13 4 4 4 4 4 4 4 4 4 4 4 4 4 4 4 18 19 19 19 19 19 5 5 5 5 5 5 5 5 5 5 5 5 19 19 5 5 5 23 23 19 23 1 1 15 15 15 15 15 15 15 15 15 15 15 15 15 15 15 15 15 1 1 6 6 17 17 17 17 17 17 17 17 25 17 14 14 
17 17 17 17 17 17 17 17 17 17 17 17 17 17 17 25 25 17 17 25 6 6 7 25 17 17 25 7 13 13 13 4 4 4 4 4 4 4 13 19 3 19 1 21 21 21 21 21 21 21 21 21 21 11 11 11 11 11 11 11 11 15 1 15 15 15 15 15 15 15 1 15 19 19 19 1 1 1 1 1 1 1 1 1 1 1 17 17 1 1 17 1 1 1 1 22 1 17 22 17 17 1 14 14 
17 17 25 6 6 6 6 6 6 6 6 6 6 25 6 17 17 17 17 25 7 7 25 25 7 25 25 25 17 17 17 17 25 25 7 13 13 13 4 4 4 4 4 4 4 4 4 4 19 19 19 5 5 5 5 5 5 5 5 3 3 3 3 3 3 5 5 1 3 15 15 15 15 15 1 1 1 15 1 15 15 1 1 1 1 1 1 1 1 1 1 1 1 1 1 1 1 1 1 1 1 1 1 1 1 1 14 
17 17 17 17 17 17 17 17 22 22 17 22 17 17 22 22 17 17 17 17 25 7 25 14 14 17 25 17 17 25 25 25 25 17 17 17 17 7 25 5 22 22 5 17 7 7 13 13 13 13 4 4 4 4 4 4 4 4 4 18 13 19 19 3 3 3 3 3 3 3 15 15 1 1 15 3 2 23 15 15 15 15 15 15 15 15 1 1 7 25 7 25 25 25 25 14 25 17 17 1 17 17 17 17 25 17 17 25 25 25 14 14 14 
17 6 6 6 6 6 22 6 6 6 1 6 6 17 17 1 17 17 17 17 25 25 7 13 13 13 4 4 4 4 4 4 4 4 4 4 18 19 14 19 17 23 23 23 6 6 6 6 6 6 10 10 5 23 2 23 21 21 11 11 11 11 11 11 11 11 11 11 11 15 15 15 15 15 1 6 22 22 22 22 22 22 22 22 22 22 22 22 22 22 17 17 17 22 22 14 22 
17 17 17 17 17 17 17 17 17 17 25 17 25 25 25 17 25 25 25 25 7 7 6 6 6 6 6 6 6 6 6 17 25 25 25 17 6 25 7 13 13 13 4 4 4 4 4 4 4 19 14 21 21 24 24 24 24 24 24 24 24 11 21 11 21 21 21 21 21 21 21 21 21 24 15 15 15 15 1 17 17 17 17 17 1 1 1 1 1 1 1 1 1 1 1 1 17 17 17 17 17 14 14 14 
17 17 17 17 17 25 25 25 25 25 25 25 25 25 25 25 25 25 25 17 22 22 17 25 7 13 13 13 13 13 13 13 13 13 7 1 21 21 21 21 21 21 21 21 10 11 11 11 10 15 1 1 1 1 15 16 11 11 11 11 15 15 15 15 1 1 1 1 1 1 1 1 1 1 1 1 1 1 1 1 17 6 25 25 25 25 17 14 14 14 
22 22 22 22 17 17 17 17 17 17 17 22 17 17 17 17 25 17 17 17 17 6 6 7 13 13 13 4 4 4 4 4 4 4 4 4 4 4 4 4 4 18 18 19 5 5 5 5 5 5 5 5 5 5 5 3 15 1 15 3 5 5 5 5 21 15 15 15 15 15 15 15 15 15 15 15 15 15 15 15 15 15 15 15 15 15 15 15 15 1 15 15 1 15 1 1 1 15 1 1 1 1 
17 25 25 25 25 25 25 25 25 25 25 25 25 25 25 25 25 25 25 25 25 7 13 13 13 13 13 13 4 13 13 13 13 7 14 11 11 11 11 11 11 11 11 11 11 11 11 10 10 10 10 10 10 11 11 11 11 11 11 11 11 11 15 15 15 15 15 15 15 15 1 17 17 25 6 17 17 1 17 1 17 25 25 25 25 25 25 25 25 25 25 14 14 
25 25 25 17 25 25 25 25 25 25 25 25 25 25 25 25 25 25 25 22 25 7 13 13 13 4 4 4 4 4 4 13 19 3 3 21 8 8 8 8 8 8 8 10 8 8 10 15 3 3 8 10 16 11 11 11 15 15 15 15 15 15 15 15 1 1 1 17 25 17 25 25 17 25 25 17 17 17 25 25 25 17 25 17 17 17 14 14 14 
17 17 25 25 25 25 6 17 17 17 17 25 25 25 25 25 25 25 25 25 7 7 7 7 14 17 17 25 7 13 13 4 4 4 4 4 4 4 4 4 4 4 4 13 19 3 11 8 8 8 8 8 8 8 8 11 16 11 11 11 19 8 21 3 3 15 15 15 15 15 15 15 15 15 1 6 1 1 17 17 17 17 17 17 17 25 25 17 25 17 17 25 17 14 14 14 
17 17 17 17 25 17 17 17 25 17 17 17 17 17 25 17 17 25 25 17 25 6 17 17 25 17 17 1 1 17 17 25 7 7 13 13 4 4 4 4 4 4 4 4 4 4 4 18 18 19 21 21 21 21 21 21 21 21 21 21 21 21 21 21 1 21 21 21 21 21 21 3 3 3 15 15 15 15 15 15 15 1 1 1 1 1 1 1 1 1 1 1 1 22 1 1 1 1 1 1 1 1 1 1 1 1 1 
25 17 25 25 25 25 25 25 25 25 25 25 25 17 22 25 7 7 13 13 13 4 4 4 4 4 4 4 4 4 13 18 19 2 2 2 2 2 2 2 2 2 2 2 8 11 10 8 8 8 8 8 2 2 23 23 23 8 8 11 11 11 15 15 15 15 15 15 15 15 1 1 17 22 22 22 22 22 22 17 25 25 25 25 25 25 25 25 25 25 25 25 25 14 14 14 
17 22 22 1 22 22 22 22 22 22 22 22 17 17 22 22 17 17 17 17 17 6 25 6 25 7 7 17 17 25 13 13 18 18 4 4 18 4 18 19 21 21 21 21 21 21 21 21 21 21 21 10 3 21 21 21 21 21 15 15 15 15 15 15 22 22 22 1 1 1 1 1 1 1 15 1 1 1 1 1 15 15 15 1 15 15 15 15 15 15 15 15 
