25 25 25 25 25 25 17 17 6 6 6 25 25 17 17 17 17 25 17 25 25 7 13 13 13 18 7 12 24 23 23 23 23 23 24 23 23 23 23 23 8 8 8 8 20 9 9 15 15 15 1 22 22 22 22 22 22 22 22 1 1 22 22 1 1 1 1 1 1 22 22 22 22 22 22 22 22 1 1 
25 25 25 17 25 25 17 25 25 25 25 25 25 25 25 25 25 25 17 25 25 7 13 4 13 13 13 19 19 19 19 19 23 23 23 23 23 23 23 23 23 23 23 23 23 23 23 23 23 2 8 3 3 3 9 9 9 9 9 9 9 9 9 9 9 9 9 9 9 9 9 9 9 9 15 1 22 22 22 22 22 22 22 22 22 22 17 17 17 17 17 17 14 14 
17 17 17 22 6 6 17 22 6 6 25 25 25 6 6 17 6 25 17 25 7 13 7 7 14 14 25 17 17 25 25 7 13 13 13 13 19 19 23 23 19 23 23 23 23 23 23 23 23 23 23 23 23 23 23 23 23 1 15 15 15 15 1 15 1 1 1 19 19 1 1 1 1 1 1 17 1 1 1 17 17 1 1 17 1 17 1 1 1 1 1 1 1 17 1 1 1 14 
6 17 17 17 25 17 17 25 25 25 25 17 17 17 17 25 25 25 25 25 25 7 13 4 4 4 4 13 13 19 19 12 12 12 12 12 23 23 23 23 23 23 23 23 23 23 23 3 3 3 3 3 3 3 3 3 3 3 3 15 1 8 15 15 15 15 15 1 1 1 1 1 1 1 1 1 1 1 1 1 1 1 1 1 1 1 1 1 
17 17 17 17 17 1 15 15 17 25 17 25 25 13 7 14 14 25 25 25 25 17 17 17 7 25 25 25 17 6 7 6 1 22 6 6 6 17 25 7 25 17 25 25 13 13 18 19 19 19 23 23 23 8 8 8 8 8 8 8 8 8 8 8 9 15 15 1 1 15 15 1 1 15 15 15 15 15 1 1 1 1 1 1 1 1 1 1 1 1 1 1 1 1 17 1 1 1 17 1 1 14 
1 17 17 17 17 17 17 17 17 17 17 17 17 17 17 17 25 17 17 17 25 25 17 17 17 17 17 17 17 17 17 17 25 13 4 4 4 13 13 19 23 23 23 23 23 23 23 23 23 23 24 24 24 24 24 24 11 11 11 11 11 11 11 15 20 20 20 15 15 15 15 15 15 15 15 22 22 22 22 22 22 22 22 22 22 22 22 1 22 1 1 17 17 1 1 14 
25 25 17 17 25 17 17 25 25 25 17 17 25 17 17 17 17 25 17 17 17 6 17 17 17 25 25 25 25 17 17 25 25 25 25 25 6 7 13 13 7 23 24 24 24 23 24 24 11 11 24 24 24 11 24 24 3 11 11 15 22 22 22 22 22 22 22 22 22 22 22 1 17 17 1 1 1 1 1 1 1 1 1 14 14 
25 25 25 25 25 25 25 17 6 25 25 25 25 25 25 25 25 25 25 25 6 7 7 19 19 1 23 23 23 23 23 23 23 23 23 23 23 23 15 11 15 15 15 15 15 11 15 15 15 15 11 15 15 15 15 22 22 22 22 22 22 22 22 22 22 22 22 1 17 25 17 17 17 25 25 25 25 17 17 17 14 14 14 
17 6 6 25 6 17 17 25 25 17 17 17 17 17 17 17 17 17 17 17 17 6 6 6 17 17 17 17 17 6 25 6 6 6 17 17 7 7 17 7 17 17 25 17 17 17 25 25 17 1 1 17 17 17 17 17 25 25 25 6 7 7 19 19 19 19 19 19 19 19 19 19 19 19 19 19 19 19 19 19 19 19 19 19 19 19 19 19 19 3 3 3 15 15 15 15 15 1 1 17 1 17 17 17 17 17 17 17 17 17 17 17 17 17 17 17 17 17 17 17 17 14 14 14 
17 17 17 17 17 17 17 17 17 17 17 17 17 17 17 25 25 25 25 25 25 25 7 7 14 14 25 25 25 25 25 25 7 7 7 7 7 14 15 11 11 11 11 11 11 11 11 11 11 11 11 11 11 11 11 11 11 11 11 11 16 15 15 15 15 1 1 1 17 17 17 17 17 25 25 17 25 17 25 25 25 25 25 25 25 25 25 25 14 14 
25 25 25 25 25 25 25 25 25 25 25 25 25 25 25 25 25 25 25 17 17 17 25 25 17 17 17 17 25 25 25 25 25 17 17 25 25 25 17 25 25 25 25 25 25 25 25 6 12 25 25 25 25 25 17 25 25 25 25 25 25 25 25 25 7 7 13 7 19 19 23 23 8 8 8 8 8 8 8 8 8 8 8 8 8 8 8 20 20 20 20 20 15 15 15 1 1 17 17 17 17 17 17 17 25 17 17 25 25 17 17 25 25 25 25 25 25 17 25 14 14 14 
6 17 17 17 17 25 25 25 25 25 25 25 17 25 17 25 25 25 25 25 7 7 25 14 25 25 25 25 25 25 13 4 4 4 13 13 19 19 23 23 23 23 23 11 11 8 11 11 11 11 11 11 11 20 20 20 20 20 20 20 15 15 10 22 22 22 17 1 17 25 25 25 25 25 25 25 25 25 25 25 25 25 25 25 25 25 25 14 14 
17 17 17 17 17 17 17 17 17 17 17 17 17 25 17 25 17 17 25 17 25 7 2 25 14 25 17 17 25 17 17 25 25 17 25 17 17 17 17 25 7 13 13 13 13 13 13 7 19 23 23 24 24 23 23 23 23 23 23 23 23 23 24 21 21 21 21 21 21 10 9 10 20 20 9 15 15 15 15 15 15 22 22 22 22 22 22 22 22 22 1 1 1 1 1 1 1 1 1 1 17 17 17 1 14 14 
25 25 25 25 25 25 25 25 25 1 17 25 25 25 6 25 25 25 25 25 7 13 13 13 18 19 19 19 23 23 23 23 23 23 23 23 23 23 23 23 23 23 23 23 23 8 8 8 8 8 8 20 20 20 20 20 20 20 15 15 15 22 22 22 22 22 25 17 17 25 25 25 25 25 25 25 25 25 25 25 25 17 14 14 14 
17 17 17 17 17 17 17 17 17 17 17 17 17 17 17 17 17 17 22 22 6 6 6 25 7 25 25 25 25 7 13 13 13 12 24 24 24 24 24 24 24 24 24 21 21 11 15 15 15 15 22 22 1 1 17 1 17 1 1 1 1 1 1 1 1 1 1 22 1 22 1 1 1 1 1 1 
