17 17 17 17 17 17 17 17 17 17 17 17 25 25 17 17 25 6 6 6 7 7 7 7 7 7 19 10 10 10 10 10 10 22 22 22 22 22 22 10 22 22 22 22 22 22 22 22 22 22 22 22 22 1 1 15 15 15 15 15 1 17 7 7 7 7 7 25 25 6 22 6 22 22 22 22 22 22 17 17 17 17 17 17 17 14 14 14 
25 25 25 25 25 25 25 25 25 25 25 25 25 25 25 25 25 25 25 25 17 7 7 17 17 25 25 25 7 25 25 22 22 25 25 25 7 7 7 7 7 7 7 7 7 9 5 5 5 5 5 5 5 5 5 5 5 5 5 5 5 5 5 5 5 5 5 5 5 5 5 5 5 5 5 5 5 19 19 19 19 19 19 19 19 19 19 19 19 19 19 19 19 7 7 7 7 7 7 25 25 25 17 17 17 17 17 17 25 17 25 25 25 25 25 25 25 25 25 17 25 25 25 14 14 14 
17 17 17 17 17 25 17 17 17 25 6 17 25 6 6 6 6 6 6 25 25 25 7 7 6 25 7 25 25 13 13 19 1 14 25 25 6 25 17 17 25 7 7 19 1 10 3 9 5 5 5 5 5 5 5 5 5 5 3 3 3 3 3 3 3 21 3 3 3 3 3 3 3 3 15 15 1 1 19 7 25 25 14 6 6 22 22 22 22 22 22 22 5 19 6 6 22 5 17 22 22 17 22 17 14 14 
25 25 25 25 25 25 17 25 17 1 1 17 6 6 1 22 22 17 17 17 17 25 25 25 7 25 17 25 25 25 17 17 17 25 6 6 6 25 25 7 7 7 7 5 21 21 21 21 5 5 5 5 5 5 5 5 21 21 21 21 21 21 21 21 21 21 21 21 21 21 21 21 21 21 5 23 23 23 23 23 1 1 1 1 19 19 19 19 19 19 19 1 1 1 15 15 15 15 22 22 22 22 17 1 1 17 17 17 14 14 14 
22 17 22 22 22 22 6 17 17 17 25 7 17 1 17 17 17 6 6 6 7 7 13 13 13 13 13 13 19 10 10 10 10 10 10 10 10 10 3 10 10 3 3 3 3 3 3 3 3 15 15 1 19 7 7 7 13 7 7 7 7 7 7 7 7 25 14 1 1 17 1 1 1 1 1 1 1 1 1 25 25 25 25 17 1 1 17 17 17 14 14 14 
17 17 17 17 17 17 17 17 17 17 17 17 17 25 17 17 17 17 25 7 7 7 7 7 7 7 7 13 7 19 10 10 5 5 5 5 5 5 5 5 5 5 5 5 5 5 5 25 6 6 6 6 6 6 6 6 6 6 6 6 6 6 6 6 6 22 11 11 11 11 22 11 11 11 11 11 11 15 11 11 15 22 6 7 7 7 7 7 7 6 22 22 22 22 22 22 22 22 22 17 17 17 17 17 1 1 1 1 1 17 17 22 1 14 14 1 
17 17 17 17 17 17 17 17 17 17 17 17 17 25 25 25 25 22 22 6 6 7 7 7 7 7 13 13 7 1 10 10 10 10 10 10 10 10 10 10 10 10 10 10 10 22 22 11 11 11 11 11 10 11 11 11 22 25 7 7 7 25 6 6 6 22 22 22 22 22 22 22 22 22 22 22 1 17 1 17 17 17 17 17 17 17 17 14 14 1 
25 25 25 25 25 25 25 25 17 25 25 25 25 17 17 22 22 22 22 22 6 25 7 7 7 7 7 7 7 14 20 10 10 10 10 10 10 10 10 10 10 10 10 10 10 10 10 10 16 16 16 16 16 16 16 16 16 11 11 16 16 16 16 16 16 15 15 15 15 15 22 22 22 22 17 22 22 22 22 22 22 17 22 22 22 17 17 22 17 17 17 17 14 14 
22 17 17 17 17 17 17 17 17 17 25 17 25 17 17 17 17 17 17 25 7 19 7 9 9 5 5 5 5 5 5 5 5 5 5 5 5 5 5 5 5 5 5 5 5 5 5 5 19 19 1 1 1 1 1 15 15 15 1 19 7 7 7 14 14 14 14 22 22 22 22 22 17 17 17 17 25 6 17 17 17 17 17 17 17 17 17 14 14 14 
17 17 17 17 17 17 17 17 25 25 25 17 25 25 25 25 25 17 25 25 22 22 17 25 25 25 7 25 25 1 10 10 10 10 10 10 10 10 10 10 10 10 10 10 10 10 10 10 10 10 10 10 10 10 10 10 10 10 10 10 10 10 16 16 16 16 15 1 1 17 1 17 6 22 6 17 17 6 22 22 22 22 22 17 22 17 17 17 17 25 25 25 25 14 14 14 
17 17 25 25 25 25 25 17 25 25 17 25 25 25 6 6 25 6 25 7 7 7 13 13 2 9 10 10 10 10 10 10 10 10 10 10 10 10 10 10 10 10 10 10 10 10 10 10 10 11 11 11 11 11 11 11 15 15 19 19 7 7 19 1 1 6 22 6 6 1 1 17 17 25 25 25 25 25 25 17 17 25 14 14 14 
17 17 17 17 6 6 17 6 17 17 6 6 6 6 6 6 6 6 6 6 17 7 7 25 25 25 7 7 7 13 13 14 14 14 22 22 17 25 25 25 7 7 7 13 7 7 19 9 10 10 10 10 10 10 10 10 10 10 10 10 10 10 10 11 11 11 11 11 11 11 11 11 15 15 15 1 6 25 7 7 25 25 14 6 22 22 22 22 22 22 22 22 22 17 6 25 17 17 17 17 14 14 14 
17 17 25 25 25 17 17 25 17 25 25 17 1 17 17 25 17 17 17 17 25 7 25 14 17 17 17 17 17 22 22 17 17 3 25 7 7 7 7 7 7 7 7 5 10 10 10 2 5 5 5 5 5 5 5 5 5 5 5 5 5 5 21 21 21 21 21 21 21 11 11 11 11 11 11 11 11 11 11 11 15 19 7 7 13 7 7 7 7 7 7 7 14 14 14 6 22 22 22 22 22 22 22 22 22 22 22 1 17 1 1 1 1 1 1 1 1 1 1 1 14 
25 25 25 25 25 25 17 25 7 7 7 7 7 13 13 19 2 2 2 2 2 2 2 2 2 2 2 2 2 2 2 2 2 2 2 2 2 2 2 8 8 8 8 8 8 15 1 7 7 7 7 7 7 7 7 7 14 6 22 6 17 25 25 17 25 25 25 25 17 17 25 25 25 25 25 25 25 25 25 25 25 25 14 14 14 
17 17 17 1 17 17 17 17 17 17 17 17 17 17 17 17 17 25 17 25 25 7 7 17 17 19 19 17 17 6 6 5 3 21 3 21 21 21 21 21 21 21 21 21 21 21 21 21 21 21 21 21 21 21 21 21 22 25 7 7 7 7 7 7 7 7 19 1 1 1 1 1 1 1 1 1 17 17 17 17 17 17 17 17 17 25 25 25 17 17 17 17 17 17 14 14 1 
